TEAM_ID,TEAM_NAME,GP,W,L,W_PCT,MIN,FGM,FGA,FG_PCT,FG3M,FG3A,FG3_PCT,FTM,FTA,FT_PCT,OREB,DREB,REB,AST,TOV,STL,BLK,BLKA,PF,PFD,PTS,PLUS_MINUS,GP_RANK,W_RANK,L_RANK,W_PCT_RANK,MIN_RANK,FGM_RANK,FGA_RANK,FG_PCT_RANK,FG3M_RANK,FG3A_RANK,FG3_PCT_RANK,FTM_RANK,FTA_RANK,FT_PCT_RANK,OREB_RANK,DREB_RANK,REB_RANK,AST_RANK,TOV_RANK,STL_RANK,BLK_RANK,BLKA_RANK,PF_RANK,PFD_RANK,PTS_RANK,PLUS_MINUS_RANK,CFID,CFPARAMS
1610612737,Atlanta Hawks,7,5,2,0.714,48.0,38.6,84.7,0.455,13.6,36.4,0.373,16.4,19.3,0.852,7.9,35.1,43.0,20.9,12.7,5.1,6.0,3.9,20.3,19.9,107.1,3.3,4,3,3,4,5,12,13,11,6,7,9,12,16,3,16,4,9,13,11,15,4,4,6,13,12,7,10,Atlanta Hawks
1610612738,Boston Celtics,5,1,4,0.2,48.0,38.4,88.2,0.435,12.8,36.6,0.35,22.6,27.4,0.825,12.6,28.8,41.4,21.0,13.0,6.4,7.0,6.6,21.0,23.4,112.2,-11.2,12,12,7,12,5,13,7,13,8,5,10,1,3,7,2,16,14,12,12,7,1,14,11,3,7,14,10,Boston Celtics
1610612751,Brooklyn Nets,7,6,1,0.857,48.0,43.6,87.9,0.496,15.4,35.7,0.432,19.9,21.9,0.908,9.6,32.9,42.4,24.6,10.7,7.3,6.0,5.9,22.1,18.9,122.4,14.7,4,1,1,1,5,3,9,2,3,9,1,6,8,1,10,9,10,4,2,3,4,12,13,16,2,1,10,Brooklyn Nets
1610612742,Dallas Mavericks,7,3,4,0.429,48.0,39.1,86.0,0.455,13.6,35.0,0.388,14.1,20.0,0.707,10.3,30.3,40.6,20.7,11.0,5.6,2.1,5.0,20.3,20.6,106.0,-5.1,4,9,7,9,5,10,12,12,6,10,4,15,14,14,8,14,16,14,4,12,16,9,6,8,13,10,10,Dallas Mavericks
1610612743,Denver Nuggets,8,4,4,0.5,49.3,42.1,91.1,0.462,14.9,38.4,0.388,16.9,21.5,0.785,11.5,32.6,44.1,25.8,11.3,6.4,4.6,5.1,19.9,21.1,116.0,-4.3,1,6,7,7,2,5,3,8,4,3,5,11,10,10,4,12,4,2,5,8,10,11,4,5,5,9,10,Denver Nuggets
1610612746,LA Clippers,8,4,4,0.5,48.0,38.6,80.6,0.479,13.8,36.8,0.374,19.9,23.5,0.846,8.9,33.1,42.0,22.5,10.8,6.4,5.1,2.6,21.0,20.8,110.9,4.1,1,6,7,7,5,11,16,3,5,4,8,5,6,4,13,8,12,7,3,8,7,1,11,7,9,6,10,LA Clippers
1610612747,Los Angeles Lakers,6,2,4,0.333,48.0,34.3,83.0,0.414,9.8,32.8,0.299,19.0,24.5,0.776,10.5,32.7,43.2,19.3,13.8,6.7,4.0,5.0,20.5,21.0,97.5,-6.5,8,10,7,10,5,16,15,14,15,12,15,8,5,11,7,11,7,15,14,6,11,9,8,6,15,11,10,Los Angeles Lakers
1610612763,Memphis Grizzlies,5,1,4,0.2,48.0,44.2,94.4,0.468,10.4,31.6,0.329,16.2,20.4,0.794,11.2,30.0,41.2,22.0,10.4,8.0,4.0,6.2,20.6,19.2,115.0,-8.4,12,12,7,12,5,2,1,7,13,13,13,13,11,9,5,15,15,10,1,2,11,13,10,14,6,13,10,Memphis Grizzlies
1610612748,Miami Heat,4,0,4,0.0,49.3,35.3,89.3,0.395,12.0,35.8,0.336,15.5,20.3,0.765,9.0,33.3,42.3,21.5,14.0,7.3,3.5,3.0,20.5,20.0,98.0,-20.5,16,16,7,16,2,14,4,16,10,8,12,14,12,12,12,7,11,11,15,4,13,2,8,11,14,16,10,Miami Heat
1610612749,Milwaukee Bucks,6,4,2,0.667,48.8,43.2,93.8,0.46,11.2,36.5,0.306,13.7,19.5,0.701,14.5,41.8,56.3,23.7,15.0,6.0,3.0,3.8,17.8,20.0,111.2,5.8,8,6,3,6,4,4,2,9,12,6,14,16,15,15,1,1,1,5,16,10,14,3,1,11,8,5,10,Milwaukee Bucks
1610612752,New York Knicks,5,1,4,0.2,48.0,34.4,86.4,0.398,10.4,30.4,0.342,17.8,21.8,0.817,11.8,34.6,46.4,18.6,12.2,5.8,2.8,6.8,19.8,19.0,97.0,-7.0,12,12,7,12,5,15,11,15,13,14,11,9,9,8,3,5,2,16,8,11,15,15,3,15,16,12,10,New York Knicks
1610612755,Philadelphia 76ers,7,5,2,0.714,48.0,45.7,88.1,0.519,11.3,29.4,0.383,20.4,29.4,0.694,8.9,34.3,43.1,26.7,12.4,9.3,7.0,4.6,22.7,23.9,123.1,11.7,4,3,3,4,5,1,8,1,11,15,6,4,1,16,14,6,8,1,9,1,1,8,14,1,1,2,10,Philadelphia 76ers
1610612756,Phoenix Suns,8,6,2,0.75,48.0,39.5,83.8,0.472,12.6,33.4,0.378,17.0,20.1,0.845,7.9,35.5,43.4,25.4,11.5,6.8,4.8,4.3,19.5,20.1,108.6,10.1,1,1,3,3,5,9,14,6,9,11,7,10,13,5,15,2,6,3,6,5,9,5,2,10,11,3,10,Phoenix Suns
1610612757,Portland Trail Blazers,6,2,4,0.333,49.7,42.0,88.3,0.475,16.2,39.2,0.413,19.3,22.7,0.853,9.3,32.3,41.7,22.8,11.8,5.2,5.5,4.5,23.2,20.2,119.5,-1.3,8,10,7,10,1,6,6,4,2,2,2,7,7,2,11,13,13,6,7,13,6,7,15,9,4,8,10,Portland Trail Blazers
1610612762,Utah Jazz,6,5,1,0.833,48.0,41.3,87.2,0.474,16.8,42.8,0.393,22.0,26.2,0.841,10.2,35.5,45.7,22.2,12.5,5.2,6.2,4.3,20.0,21.2,121.5,7.5,8,3,1,2,5,7,10,5,1,1,3,2,4,6,9,2,3,9,10,13,3,6,5,4,3,4,10,Utah Jazz
1610612764,Washington Wizards,5,1,4,0.2,48.0,40.6,88.6,0.458,7.0,24.2,0.289,21.8,29.0,0.752,10.6,32.8,43.4,22.4,13.4,4.8,4.8,7.2,24.0,23.8,110.0,-14.0,12,12,7,12,5,8,5,10,16,16,16,3,2,13,6,10,5,8,13,16,8,16,16,2,10,15,10,Washington Wizards
