PLAYER_ID,PLAYER_NAME,NICKNAME,TEAM_ID,TEAM_ABBREVIATION,AGE,GP,W,L,W_PCT,MIN,FGM,FGA,FG_PCT,FG3M,FG3A,FG3_PCT,FTM,FTA,FT_PCT,OREB,DREB,REB,AST,TOV,STL,BLK,BLKA,PF,PFD,PTS,PLUS_MINUS,NBA_FANTASY_PTS,DD2,TD3,GP_RANK,W_RANK,L_RANK,W_PCT_RANK,MIN_RANK,FGM_RANK,FGA_RANK,FG_PCT_RANK,FG3M_RANK,FG3A_RANK,FG3_PCT_RANK,FTM_RANK,FTA_RANK,FT_PCT_RANK,OREB_RANK,DREB_RANK,REB_RANK,AST_RANK,TOV_RANK,STL_RANK,BLK_RANK,BLKA_RANK,PF_RANK,PFD_RANK,PTS_RANK,PLUS_MINUS_RANK,NBA_FANTASY_PTS_RANK,DD2_RANK,TD3_RANK,CFID,CFPARAMS
203932,Aaron Gordon,Aaron,1610612743,DEN,25.0,7,4,3,0.571,30.0,5.0,10.6,0.473,1.3,2.6,0.5,2.0,3.3,0.609,2.6,3.6,6.1,2.3,0.9,0.6,0.4,1.1,2.0,2.7,13.3,-1.6,26.2,1,0,9,46,75,91,56,46,49,86,70,92,10,51,37,136,16,57,40,54,81,72,79,16,84,45,53,145,53,28,7,5,"203932,1610612743"
1630174,Aaron Nesmith,Aaron,1610612738,BOS,21.0,5,1,4,0.2,15.0,1.0,3.6,0.278,0.8,2.8,0.286,0.4,0.4,1.0,0.4,2.2,2.6,0.2,0.4,0.2,0.2,0.2,1.4,0.4,3.2,-1.6,7.4,0,0,92,129,1,161,122,152,135,179,97,90,111,141,153,1,132,108,118,176,143,145,117,122,118,162,149,146,150,48,7,5,"1630174,1610612738"
202692,Alec Burks,Alec,1610612752,NYK,29.0,5,1,4,0.2,25.6,4.8,11.2,0.429,1.6,4.8,0.333,2.8,3.8,0.737,1.0,4.0,5.0,2.6,0.8,0.2,0.0,0.0,2.2,2.4,14.0,1.8,23.7,0,0,92,129,1,161,80,52,45,115,52,47,86,33,30,111,52,48,55,49,89,145,142,149,70,49,49,67,66,48,7,5,"202692,1610612752"
1627936,Alex Caruso,Alex,1610612747,LAL,27.0,6,2,4,0.333,20.1,2.3,6.3,0.368,0.8,2.8,0.294,0.3,0.3,1.0,0.3,1.0,1.3,0.5,1.2,0.2,0.7,0.7,2.0,1.0,5.8,-3.3,9.5,0,0,59,103,1,133,101,107,91,155,96,89,109,146,157,1,140,156,165,140,62,157,47,46,84,106,114,167,139,48,7,5,"1627936,1610612747"
203458,Alex Len,Alex,1610612764,WAS,27.0,5,1,4,0.2,8.4,1.6,2.8,0.571,0.0,0.0,0.0,0.8,1.4,0.571,0.8,1.4,2.2,0.4,0.2,0.2,0.0,0.2,1.6,1.0,4.0,-8.2,7.6,0,0,92,129,1,161,158,133,148,38,150,180,150,109,94,148,76,142,130,162,161,145,142,122,104,106,140,207,149,48,7,5,"203458,1610612764"
1628035,Alfonzo McKinnie,Alfonzo,1610612747,LAL,28.0,2,0,2,0.0,5.8,0.0,1.5,0.0,0.0,1.0,0.0,0.0,0.0,0.0,0.0,0.5,0.5,0.0,0.0,0.0,0.0,0.0,0.5,0.0,0.0,0.0,0.6,0,0,189,195,103,195,174,196,174,196,150,137,150,163,167,163,170,191,199,184,175,165,142,149,171,187,204,110,218,48,7,5,"1628035,1610612747"
1628993,Alize Johnson,Alize,1610612751,BKN,25.0,3,3,0,1.0,4.5,0.7,1.3,0.5,0.0,0.0,0.0,0.0,0.0,0.0,0.3,2.3,2.7,0.0,0.3,0.7,0.0,0.3,0.3,0.3,1.3,0.7,6.2,0,0,167,78,207,1,184,169,181,61,150,180,150,163,167,163,140,102,113,184,146,64,142,97,185,166,181,92,158,48,7,5,"1628993,1610612751"
1629599,Amir Coffey,Amir,1610612746,LAC,23.0,3,3,0,1.0,1.7,0.7,0.7,1.0,0.3,0.3,1.0,0.0,0.0,0.0,0.0,0.0,0.0,0.0,0.0,0.0,0.0,0.0,0.0,0.0,1.7,0.3,1.7,0,0,167,78,207,1,227,169,207,1,132,170,1,163,167,163,170,209,213,184,175,165,142,149,196,187,173,107,206,48,7,5,"1629599,1610612746"
203083,Andre Drummond,Andre,1610612747,LAL,27.0,5,2,3,0.4,21.0,3.8,6.4,0.594,0.0,0.0,0.0,1.4,2.0,0.7,3.8,7.2,11.0,0.0,2.2,0.8,0.6,0.6,2.4,1.2,9.0,-0.8,24.2,1,0,92,103,75,128,97,71,90,31,150,180,150,80,64,121,4,13,5,184,27,50,53,54,66,101,81,132,62,28,7,5,"203083,1610612747"
2738,Andre Iguodala,Andre,1610612748,MIA,37.0,4,0,4,0.0,17.8,1.5,2.8,0.545,0.8,1.8,0.429,0.0,0.0,0.0,0.8,2.3,3.0,1.3,1.3,1.0,0.5,0.0,2.0,0.0,3.8,-6.5,12.5,0,0,138,195,1,195,111,137,149,47,102,116,39,163,167,163,85,107,95,88,58,33,63,149,84,187,143,194,118,48,7,5,"2738,1610612748"
1629014,Anfernee Simons,Anfernee,1610612757,POR,22.0,6,2,4,0.333,17.9,2.3,4.2,0.56,1.8,3.0,0.611,0.0,0.0,0.0,0.5,2.2,2.7,0.8,0.2,0.3,0.2,0.0,1.0,0.2,6.5,-7.3,12.3,0,0,59,103,1,133,109,107,127,42,45,84,5,163,167,163,110,109,113,115,167,113,128,149,143,184,101,201,119,48,7,5,"1629014,1610612757"
203076,Anthony Davis,Anthony,1610612747,LAL,28.0,5,2,3,0.4,28.8,5.0,12.4,0.403,0.4,2.2,0.182,7.0,8.4,0.833,1.4,5.2,6.6,2.6,1.2,0.6,1.6,0.2,1.8,5.4,17.4,-3.2,34.6,2,0,92,103,75,128,64,46,38,133,127,102,145,6,4,79,40,32,31,49,60,67,6,122,93,14,29,164,29,19,7,5,"203076,1610612747"
1630264,Anthony Gill,Anthony,1610612764,WAS,28.0,4,1,3,0.25,8.2,0.0,0.8,0.0,0.0,0.3,0.0,0.0,0.0,0.0,0.3,0.8,1.0,0.0,0.8,0.0,0.0,0.3,1.8,0.0,0.0,-4.0,0.5,0,0,138,129,75,153,160,196,205,196,150,176,150,163,167,163,150,180,168,184,95,165,142,112,97,187,204,173,221,48,7,5,"1630264,1610612764"
201229,Anthony Tolliver,Anthony,1610612755,PHI,36.0,1,1,0,1.0,1.7,0.0,0.0,0.0,0.0,0.0,0.0,0.0,0.0,0.0,0.0,0.0,0.0,0.0,0.0,0.0,0.0,0.0,1.0,1.0,0.0,0.0,0.0,0,0,216,129,207,1,226,196,224,196,150,180,150,163,167,163,170,209,213,184,175,165,142,149,143,106,204,110,223,48,7,5,"201229,1610612755"
203085,Austin Rivers,Austin,1610612743,DEN,28.0,7,4,3,0.571,33.3,3.4,7.6,0.453,2.3,5.0,0.457,1.7,2.0,0.857,0.1,2.1,2.3,2.6,1.0,0.1,0.4,0.4,3.0,2.0,10.9,-4.9,18.2,0,0,9,46,75,91,41,78,77,102,30,46,29,64,64,71,166,111,128,52,67,164,79,78,29,58,68,184,84,48,7,5,"203085,1610612743"
1626253,Axel Toupane,Axel,1610612749,MIL,28.0,3,3,0,1.0,2.7,0.3,1.0,0.333,0.0,0.3,0.0,0.0,0.0,0.0,0.7,0.7,1.3,0.0,0.0,0.0,0.0,0.0,0.0,0.0,0.7,0.0,2.3,0,0,167,78,207,1,212,185,192,164,150,170,150,163,167,163,92,185,165,184,175,165,142,149,196,187,197,110,201,48,7,5,"1626253,1610612749"
1628389,Bam Adebayo,Bam,1610612748,MIA,23.0,4,0,4,0.0,34.0,6.5,14.3,0.456,0.0,0.0,0.0,2.5,3.3,0.769,3.5,5.8,9.3,4.3,2.8,1.3,0.5,0.0,2.8,3.3,15.5,-11.8,35.5,1,0,138,195,1,195,35,27,28,97,150,180,150,40,39,99,5,24,13,26,17,23,63,149,44,32,37,226,26,28,7,5,"1628389,1610612748"
203463,Ben McLemore,Ben,1610612747,LAL,28.0,4,1,3,0.25,8.9,0.5,2.3,0.222,0.5,1.5,0.333,0.0,0.0,0.0,0.3,1.5,1.8,0.3,0.3,0.3,0.0,0.5,1.3,0.3,1.5,-2.5,4.5,0,0,138,129,75,153,155,174,162,183,114,123,86,163,167,163,150,132,147,171,154,136,142,62,133,177,176,156,172,48,7,5,"203463,1610612747"
1627732,Ben Simmons,Ben,1610612755,PHI,24.0,7,5,2,0.714,33.2,5.9,8.6,0.683,0.0,0.1,0.0,1.9,5.7,0.325,2.4,5.9,8.3,9.0,2.6,1.7,0.9,0.4,3.0,4.6,13.6,14.0,42.2,4,1,9,8,103,54,42,36,70,17,150,179,150,57,18,160,19,22,15,5,22,3,30,78,29,22,51,4,18,8,2,5,"1627732,1610612755"
201933,Blake Griffin,Blake,1610612751,BKN,32.0,7,6,1,0.857,23.2,2.7,5.0,0.543,0.7,1.9,0.385,0.9,1.1,0.75,1.4,4.1,5.6,1.9,0.4,0.9,0.3,0.1,3.6,2.0,7.0,8.7,19.5,1,0,9,1,161,27,88,97,110,49,103,112,58,106,105,102,39,46,50,66,135,46,102,137,9,58,96,18,79,28,7,5,"201933,1610612751"
1626246,Boban Marjanovic,Boban,1610612742,DAL,32.0,4,1,3,0.25,20.8,5.0,9.8,0.513,0.0,0.0,0.0,1.8,2.3,0.778,3.5,4.5,8.0,1.0,1.0,0.0,0.3,0.5,3.3,3.0,11.8,-0.5,22.6,1,0,138,129,75,153,98,46,58,57,150,180,150,59,59,96,5,37,17,95,67,165,108,62,21,34,62,124,71,28,7,5,"1626246,1610612742"
1626171,Bobby Portis,Bobby,1610612749,MIL,26.0,6,4,2,0.667,17.6,3.5,6.8,0.512,1.0,2.7,0.375,0.5,0.8,0.6,1.2,3.8,5.0,0.2,0.7,0.5,0.3,0.8,1.3,0.7,8.5,-0.5,16.6,0,0,59,46,103,80,112,77,84,58,82,91,66,131,129,138,48,52,55,181,105,80,94,35,124,142,86,124,91,48,7,5,"1626171,1610612749"
203992,Bogdan Bogdanovic,Bogdan,1610612737,ATL,28.0,7,5,2,0.714,36.5,6.0,14.7,0.408,3.0,8.6,0.35,0.3,0.3,1.0,1.0,5.3,6.3,3.7,1.3,1.3,0.4,0.1,3.1,0.9,15.3,9.7,32.3,0,0,9,8,103,54,20,32,26,128,11,6,80,153,160,1,52,29,36,31,55,17,79,137,24,128,40,14,33,48,7,5,"203992,1610612737"
202711,Bojan Bogdanovic,Bojan,1610612762,UTA,32.0,6,5,1,0.833,33.8,6.0,12.5,0.48,2.7,6.0,0.444,3.7,4.0,0.917,0.5,4.3,4.8,1.5,2.2,1.2,0.0,0.3,1.5,2.8,18.3,6.3,27.7,0,0,59,8,161,34,36,32,37,82,19,29,35,22,28,47,110,40,59,73,28,28,142,97,108,42,25,25,45,48,7,5,"202711,1610612762"
1629626,Bol Bol,Bol,1610612743,DEN,21.0,2,1,1,0.5,2.3,0.0,0.5,0.0,0.0,0.5,0.0,0.0,0.0,0.0,0.0,0.5,0.5,0.5,0.0,0.0,0.0,0.0,0.0,0.0,0.0,-0.5,1.4,0,0,189,129,161,100,223,196,210,196,150,160,150,163,167,163,170,191,199,140,175,165,142,149,196,187,204,124,207,48,7,5,"1629626,1610612743"
203078,Bradley Beal,Bradley,1610612764,WAS,27.0,5,1,4,0.2,39.1,11.2,24.6,0.455,1.4,6.4,0.219,6.2,7.2,0.861,1.2,5.0,6.2,4.2,4.0,0.8,0.6,2.8,1.2,6.4,30.0,-12.2,43.9,1,0,92,129,1,161,8,4,2,98,65,24,138,11,13,70,46,35,38,27,5,50,53,1,135,6,9,228,16,28,7,5,"203078,1610612764"
1629634,Brandon Clarke,Brandon,1610612763,MEM,24.0,2,0,2,0.0,4.7,0.5,1.0,0.5,0.0,0.0,0.0,0.0,0.0,0.0,0.0,0.5,0.5,0.0,0.0,0.0,0.5,0.0,0.0,0.0,1.0,4.0,3.1,0,0,189,195,103,195,182,174,192,61,150,180,150,163,167,163,170,191,199,184,175,165,63,149,196,187,188,40,188,48,7,5,"1629634,1610612763"
201572,Brook Lopez,Brook,1610612749,MIL,33.0,6,4,2,0.667,27.8,6.0,10.3,0.581,0.5,2.0,0.25,2.8,3.2,0.895,2.8,3.5,6.3,0.5,1.5,0.2,1.0,0.3,2.8,3.5,15.3,5.5,25.7,0,0,59,46,103,80,71,32,53,35,114,106,123,32,43,61,12,61,34,140,45,157,17,97,40,29,39,30,55,48,7,5,"201572,1610612749"
1628971,Bruce Brown,Bruce,1610612751,BKN,24.0,7,6,1,0.857,21.3,2.9,5.9,0.488,0.1,0.7,0.2,1.7,1.7,1.0,1.9,3.6,5.4,2.3,0.6,0.7,0.6,0.7,2.7,1.1,7.6,1.0,20.8,0,0,9,1,161,27,96,92,99,78,149,155,140,64,80,1,30,57,52,54,116,61,59,41,48,102,92,78,77,48,7,5,"1628971,1610612751"
1628981,Bruno Fernando,Bruno,1610612737,ATL,22.0,1,0,1,0.0,1.6,0.0,0.0,0.0,0.0,0.0,0.0,0.0,0.0,0.0,0.0,0.0,0.0,0.0,0.0,0.0,0.0,0.0,0.0,0.0,0.0,0.0,0.0,0,0,216,195,161,195,229,196,224,196,150,180,150,163,167,163,170,209,213,184,175,165,142,149,196,187,204,110,223,48,7,5,"1628981,1610612737"
1627854,Bryn Forbes,Bryn,1610612749,MIL,27.0,6,4,2,0.667,20.5,4.5,9.0,0.5,3.2,7.0,0.452,0.3,0.5,0.667,0.2,2.3,2.5,0.5,0.5,0.2,0.0,0.0,1.2,0.7,12.5,4.5,16.3,0,0,59,46,103,80,99,59,66,61,8,15,33,146,145,123,162,102,123,140,120,157,142,149,139,142,58,36,95,48,7,5,"1627854,1610612749"
1629604,CJ Elleby,CJ,1610612757,POR,20.0,2,1,1,0.5,4.0,0.0,0.5,0.0,0.0,0.0,0.0,0.0,0.0,0.0,0.5,1.0,1.5,0.5,0.5,0.0,0.0,0.0,0.0,0.0,0.0,0.5,2.1,0,0,189,129,161,100,192,196,210,196,150,180,150,163,167,163,110,156,154,140,120,165,142,149,196,187,204,96,204,48,7,5,"1629604,1610612757"
203468,CJ McCollum,CJ,1610612757,POR,29.0,6,2,4,0.333,39.9,8.3,19.0,0.439,2.3,7.0,0.333,1.7,2.2,0.769,1.0,5.0,6.0,4.3,2.0,0.3,0.7,1.0,4.2,1.8,20.7,-1.2,35.4,0,0,59,103,1,133,7,18,13,109,27,15,86,69,61,99,52,35,41,24,31,113,47,17,4,69,20,139,27,48,7,5,"203468,1610612757"
1629661,Cameron Johnson,Cameron,1610612756,PHX,25.0,7,5,2,0.714,19.1,1.7,4.6,0.375,1.3,3.4,0.375,2.4,2.6,0.944,0.7,2.3,3.0,0.9,0.7,1.0,0.0,0.0,1.0,1.6,7.1,2.7,14.3,0,0,9,8,103,54,105,126,120,152,70,79,66,41,51,40,88,105,95,112,101,33,142,149,143,76,95,57,107,48,7,5,"1629661,1610612756"
1626166,Cameron Payne,Cameron,1610612756,PHX,26.0,7,5,2,0.714,22.7,4.3,10.4,0.411,1.7,4.1,0.414,1.4,1.4,1.0,0.6,2.3,2.9,3.3,1.6,1.1,1.0,0.4,2.1,1.0,11.7,3.3,24.9,0,0,9,8,103,54,91,63,51,127,49,59,42,77,91,1,102,105,103,36,43,31,17,78,80,106,63,51,59,48,7,5,"1626166,1610612756"
2546,Carmelo Anthony,Carmelo,1610612757,POR,37.0,6,2,4,0.333,23.9,4.2,10.0,0.417,2.3,6.2,0.378,1.7,1.8,0.909,0.3,2.8,3.2,1.5,1.2,0.3,0.2,0.2,2.5,2.2,12.3,-8.0,18.7,0,0,59,103,1,133,83,66,56,124,27,28,64,69,75,50,140,84,94,73,62,113,128,130,58,55,59,205,82,48,7,5,"2546,1610612757"
1629035,Carsen Edwards,Carsen,1610612738,BOS,23.0,2,0,2,0.0,2.7,1.0,1.5,0.667,0.5,1.0,0.5,0.0,0.0,0.0,0.0,0.5,0.5,0.0,0.0,0.0,0.0,0.0,0.0,0.0,2.5,0.5,3.1,0,0,189,195,103,195,210,152,174,18,114,137,10,163,167,163,170,191,199,184,175,165,142,149,196,187,156,96,188,48,7,5,"1629035,1610612738"
1630216,Cassius Winston,Cassius,1610612764,WAS,23.0,1,0,1,0.0,5.5,1.0,3.0,0.333,0.0,1.0,0.0,0.0,0.0,0.0,1.0,1.0,2.0,1.0,2.0,0.0,0.0,1.0,1.0,0.0,2.0,-2.0,3.9,0,0,216,195,161,195,177,152,142,164,150,137,150,163,167,163,52,156,134,95,31,165,142,17,143,187,163,151,178,48,7,5,"1630216,1610612764"
1628990,Chandler Hutchison,Chandler,1610612764,WAS,25.0,2,0,2,0.0,9.1,1.0,2.5,0.4,0.0,0.0,0.0,1.0,1.0,1.0,0.0,1.5,1.5,0.5,0.5,0.0,0.0,0.5,0.5,0.5,3.0,-7.5,5.1,0,0,189,195,103,195,154,152,154,135,150,180,150,91,108,1,170,132,154,140,120,165,142,62,171,152,150,203,167,48,7,5,"1628990,1610612764"
1629185,Chris Chiozza,Chris,1610612751,BKN,25.0,4,4,0,1.0,2.4,0.0,0.3,0.0,0.0,0.3,0.0,0.0,0.0,0.0,0.0,0.3,0.3,0.3,0.0,0.0,0.0,0.0,0.3,0.0,0.0,-0.8,0.7,0,0,138,46,207,1,216,196,223,196,150,176,150,163,167,163,170,207,211,171,175,165,142,149,190,187,204,131,217,48,7,5,"1629185,1610612751"
101108,Chris Paul,Chris,1610612756,PHX,36.0,7,5,2,0.714,29.3,4.3,10.1,0.423,0.6,1.9,0.308,1.7,2.1,0.8,0.4,3.4,3.9,8.1,1.4,1.0,0.1,0.1,2.0,3.0,10.9,6.1,29.7,1,0,9,8,103,54,59,63,55,121,113,112,101,64,62,85,128,63,73,9,50,33,134,137,84,34,68,26,40,28,7,5,"101108,1610612756"
203991,Clint Capela,Clint,1610612737,ATL,27.0,7,5,2,0.714,32.8,4.6,7.0,0.653,0.0,0.0,0.0,1.0,1.7,0.583,2.9,9.3,12.1,0.7,1.1,0.4,1.7,0.3,2.7,1.6,10.1,4.3,31.1,4,0,9,8,103,54,44,58,81,23,150,180,150,91,80,145,11,3,3,124,65,97,5,105,48,76,76,39,37,8,7,5,"203991,1610612737"
203081,Damian Lillard,Damian,1610612757,POR,30.0,6,2,4,0.333,41.3,10.3,22.3,0.463,5.8,13.0,0.449,7.8,8.3,0.94,0.2,4.2,4.3,10.2,2.2,1.0,0.7,1.3,1.5,6.8,34.3,4.5,57.6,5,0,59,103,1,133,1,8,5,93,1,1,34,3,5,41,162,45,64,3,28,33,47,10,108,3,2,36,2,2,7,5,"203081,1610612757"
1629655,Daniel Gafford,Daniel,1610612764,WAS,22.0,5,1,4,0.2,23.4,4.4,5.2,0.846,0.0,0.0,0.0,3.0,4.8,0.625,2.8,3.0,5.8,0.6,0.6,1.0,2.0,0.0,3.4,3.0,11.8,1.4,28.1,0,0,92,129,1,161,84,61,108,8,150,180,150,27,23,134,13,73,44,135,109,33,3,149,13,34,61,73,43,48,7,5,"1629655,1610612764"
1630187,Daniel Oturu,Daniel,1610612746,LAC,21.0,2,2,0,1.0,2.4,0.5,0.5,1.0,0.0,0.0,0.0,0.0,0.0,0.0,0.0,0.0,0.0,0.0,0.0,0.0,0.5,0.0,1.0,0.0,1.0,0.5,2.5,0,0,189,103,207,1,215,174,210,1,150,180,150,163,167,163,170,209,213,184,175,165,63,149,143,187,188,96,199,48,7,5,"1630187,1610612746"
201568,Danilo Gallinari,Danilo,1610612737,ATL,32.0,7,5,2,0.714,23.4,3.4,9.1,0.375,2.0,5.1,0.389,2.1,2.3,0.938,0.3,3.6,3.9,1.3,0.7,0.4,0.4,0.1,2.4,2.1,11.0,2.7,19.4,0,0,9,8,103,54,85,78,64,152,39,45,55,50,57,42,146,57,73,86,101,97,79,137,62,56,67,57,80,48,7,5,"201568,1610612737"
201980,Danny Green,Danny,1610612755,PHI,33.0,7,5,2,0.714,27.8,3.0,6.9,0.438,2.0,5.3,0.378,0.0,0.0,0.0,1.3,1.6,2.9,3.0,0.7,1.3,1.1,0.0,1.7,0.3,8.0,11.0,22.5,0,0,9,8,103,54,70,83,82,111,39,42,64,163,167,163,42,131,103,38,101,17,16,149,100,174,89,8,72,48,7,5,"201980,1610612755"
203967,Dario Saric,Dario,1610612756,PHX,27.0,4,3,1,0.75,10.7,1.5,3.0,0.5,0.3,0.8,0.333,0.8,0.8,1.0,0.8,1.0,1.8,0.8,1.0,0.5,0.3,0.3,1.8,1.3,4.0,-1.5,8.5,0,0,138,78,161,47,144,137,142,61,137,151,86,112,134,1,85,156,147,118,67,80,108,112,97,98,140,142,146,48,7,5,"203967,1610612756"
202722,Davis Bertans,Davis,1610612764,WAS,28.0,4,1,3,0.25,26.5,2.8,6.8,0.407,2.0,5.8,0.348,1.8,1.8,1.0,0.0,2.8,2.8,0.3,0.3,0.3,0.5,0.3,3.0,1.5,9.3,-8.5,14.9,0,0,138,129,75,153,76,94,87,129,39,34,82,59,77,1,170,89,107,171,154,136,63,112,29,81,79,210,102,48,7,5,"202722,1610612764"
1629631,De'Andre Hunter,De'Andre,1610612737,ATL,23.0,5,4,1,0.8,30.3,3.6,9.0,0.4,1.2,3.2,0.375,2.4,3.2,0.75,0.4,3.6,4.0,0.6,1.4,0.2,0.6,0.6,2.2,4.0,10.8,6.8,17.5,0,0,92,46,161,43,54,74,66,135,76,82,66,42,40,102,132,55,68,135,51,145,53,54,70,25,70,23,86,48,7,5,"1629631,1610612737"
1629001,De'Anthony Melton,De'Anthony,1610612763,MEM,23.0,5,1,4,0.2,16.7,2.2,6.2,0.355,1.2,4.0,0.3,0.6,1.0,0.6,0.8,2.4,3.2,1.0,0.6,0.2,0.8,0.6,1.4,0.8,6.2,-2.2,13.9,0,0,92,129,1,161,116,110,94,158,76,60,103,123,108,138,76,99,92,95,109,145,34,54,118,135,110,155,109,48,7,5,"1629001,1610612763"
202326,DeMarcus Cousins,DeMarcus,1610612746,LAC,30.0,1,0,1,0.0,4.0,2.0,3.0,0.667,1.0,2.0,0.5,1.0,1.0,1.0,0.0,3.0,3.0,0.0,1.0,0.0,1.0,0.0,3.0,2.0,6.0,6.0,11.6,0,0,216,195,161,195,193,118,142,18,82,106,10,91,108,1,170,73,95,184,67,165,17,149,29,58,113,27,124,48,7,5,"202326,1610612746"
1629028,Deandre Ayton,Deandre,1610612756,PHX,22.0,7,5,2,0.714,36.3,7.4,9.6,0.776,0.0,0.0,0.0,1.6,2.6,0.611,3.0,7.6,10.6,0.6,1.0,0.6,0.6,0.9,2.7,2.7,16.4,6.7,32.4,5,0,9,8,103,54,21,20,59,11,150,180,150,72,51,135,8,9,6,138,67,72,59,32,48,45,34,24,31,2,7,5,"1629028,1610612756"
203471,Dennis Schroder,Dennis,1610612747,LAL,27.0,6,2,4,0.333,32.7,4.7,11.7,0.4,1.3,4.3,0.308,3.7,4.3,0.846,0.2,2.8,3.0,2.8,1.7,1.0,0.2,1.2,2.2,2.7,14.3,-3.3,24.0,0,0,59,103,1,133,45,56,43,135,67,53,101,22,25,76,162,84,95,41,40,33,128,15,76,47,47,167,63,48,7,5,"203471,1610612747"
202324,Derrick Favors,Derrick,1610612762,UTA,29.0,6,5,1,0.833,15.0,2.2,2.7,0.813,0.0,0.0,0.0,0.8,1.2,0.714,2.2,3.5,5.7,0.5,0.3,0.2,1.3,0.0,2.2,1.3,5.2,-2.5,16.9,1,0,59,8,161,34,121,114,151,9,150,180,150,108,104,115,23,61,48,140,146,157,10,149,76,94,125,156,89,28,7,5,"202324,1610612762"
1627884,Derrick Jones Jr.,Derrick,1610612757,POR,24.0,2,1,1,0.5,5.2,1.0,2.5,0.4,0.0,1.0,0.0,0.0,0.0,0.0,0.0,0.0,0.0,0.0,0.0,0.5,0.0,0.0,1.0,0.0,2.0,2.5,3.5,0,0,189,129,161,100,181,152,154,135,150,137,150,163,167,163,170,209,213,184,175,80,142,149,143,187,163,59,183,48,7,5,"1627884,1610612757"
201565,Derrick Rose,Derrick,1610612752,NYK,32.0,5,1,4,0.2,35.0,8.0,16.8,0.476,1.6,3.4,0.471,1.8,1.8,1.0,0.8,3.2,4.0,5.0,1.6,0.4,0.2,2.4,1.0,2.0,19.4,-6.8,31.9,0,0,92,129,1,161,27,19,21,84,52,80,26,58,76,1,76,69,68,20,41,105,117,2,143,58,21,196,36,48,7,5,"201565,1610612752"
1630217,Desmond Bane,Desmond,1610612763,MEM,22.0,5,1,4,0.2,19.8,2.2,3.8,0.579,1.2,2.4,0.5,0.0,0.0,0.0,0.4,3.0,3.4,2.0,0.6,0.8,0.4,0.0,1.2,0.4,5.6,-4.4,15.7,0,0,92,129,1,161,102,110,133,36,76,95,10,163,167,163,132,73,88,60,109,50,86,149,135,162,118,178,97,48,7,5,"1630217,1610612763"
1626164,Devin Booker,Devin,1610612756,PHX,24.0,7,5,2,0.714,40.5,9.6,19.0,0.504,2.3,5.6,0.41,7.0,7.7,0.907,0.6,5.3,5.9,5.4,4.0,0.6,0.1,1.9,3.4,7.0,28.4,6.0,41.7,1,0,9,8,103,54,3,13,13,60,30,39,43,6,10,53,102,29,43,17,5,72,134,3,11,2,12,27,19,28,7,5,"1626164,1610612756"
203473,Dewayne Dedmon,Dewayne,1610612748,MIA,31.0,4,0,4,0.0,14.3,2.5,4.5,0.556,0.3,0.8,0.333,1.0,1.3,0.8,2.0,2.5,4.5,0.8,1.5,0.0,0.5,0.5,2.5,1.3,6.3,-9.3,12.8,0,0,138,195,1,195,127,100,122,43,137,151,86,91,99,85,26,95,62,118,45,165,63,62,58,98,109,219,116,48,7,5,"203473,1610612748"
1628415,Dillon Brooks,Dillon,1610612763,MEM,25.0,5,1,4,0.2,34.9,10.0,19.4,0.515,1.6,4.0,0.4,4.2,5.2,0.808,1.0,3.2,4.2,2.2,1.8,1.4,0.4,1.0,3.4,5.2,25.8,-1.2,37.7,0,0,92,129,1,161,28,9,11,55,52,60,50,17,21,84,52,69,66,57,36,14,86,17,13,18,13,140,22,48,7,5,"1628415,1610612763"
1628378,Donovan Mitchell,Donovan,1610612762,UTA,24.0,5,5,0,1.0,31.3,10.4,22.0,0.473,4.0,10.0,0.4,7.0,7.8,0.897,0.2,2.8,3.0,5.6,2.8,1.2,0.4,0.4,1.4,6.0,31.8,11.0,45.8,1,0,92,8,207,1,50,7,7,87,3,3,50,6,9,60,157,88,95,16,15,25,86,88,118,8,4,8,13,28,7,5,"1628378,1610612762"
1628978,Donte DiVincenzo,Donte,1610612749,MIL,24.0,3,3,0,1.0,23.3,1.0,5.3,0.188,0.7,4.0,0.167,0.0,0.0,0.0,0.7,5.7,6.3,2.7,2.0,1.0,0.3,0.7,1.3,1.3,2.7,4.0,16.3,0,0,167,78,207,1,87,152,105,193,106,60,148,163,167,163,92,26,34,46,31,33,94,46,124,94,155,40,94,48,7,5,"1628978,1610612749"
1627827,Dorian Finney-Smith,Dorian,1610612742,DAL,28.0,7,3,4,0.429,38.7,3.7,9.1,0.406,2.3,5.3,0.432,0.6,0.7,0.8,2.4,4.1,6.6,2.1,1.7,1.1,0.3,0.7,3.3,0.9,10.3,3.7,24.0,1,0,9,78,1,120,9,72,64,130,30,42,38,127,135,85,19,46,32,58,37,31,102,41,20,128,73,46,64,28,7,5,"1627827,1610612742"
1629130,Duncan Robinson,Duncan,1610612748,MIA,27.0,4,0,4,0.0,24.9,2.8,7.3,0.379,2.5,6.8,0.37,2.3,2.5,0.9,0.0,2.8,2.8,0.8,1.0,0.8,0.0,0.3,3.3,1.5,10.3,-8.5,15.9,0,0,138,195,1,195,81,94,80,150,22,19,74,48,53,55,170,89,107,118,67,57,142,112,21,81,74,210,96,48,7,5,"1629130,1610612748"
2730,Dwight Howard,Dwight,1610612755,PHI,35.0,7,5,2,0.714,14.1,1.1,2.4,0.471,0.0,0.0,0.0,2.7,4.6,0.594,2.6,4.0,6.6,1.1,1.0,0.3,0.7,0.7,2.9,2.9,5.0,-2.6,16.6,0,0,9,8,103,54,129,151,158,89,150,180,150,36,24,143,16,48,32,94,67,128,41,41,39,39,128,160,90,48,7,5,"2730,1610612755"
203939,Dwight Powell,Dwight,1610612742,DAL,29.0,7,3,4,0.429,7.5,1.0,1.1,0.875,0.0,0.0,0.0,0.7,0.9,0.833,0.7,1.1,1.9,0.9,0.1,0.3,0.0,0.0,1.1,0.9,2.7,1.4,6.9,0,0,9,78,1,120,164,152,191,7,150,180,150,116,126,79,88,153,142,112,170,128,142,149,141,128,154,72,153,48,7,5,"203939,1610612742"
202734,E'Twaun Moore,E'Twaun,1610612756,PHX,32.0,2,2,0,1.0,5.7,1.0,1.5,0.667,0.0,0.5,0.0,0.0,0.0,0.0,0.0,1.0,1.0,1.0,0.0,0.0,0.0,0.0,1.0,0.0,2.0,3.5,4.7,0,0,189,103,207,1,176,152,174,18,150,160,150,163,167,163,170,156,168,95,175,165,142,149,143,187,163,50,170,48,7,5,"202734,1610612756"
203901,Elfrid Payton,Elfrid,1610612752,NYK,27.0,2,1,1,0.5,6.5,0.0,2.5,0.0,0.0,0.0,0.0,0.5,1.0,0.5,0.0,0.0,0.0,0.5,0.0,0.5,0.0,0.5,0.5,0.5,0.5,-4.5,2.8,0,0,189,129,161,100,170,196,154,196,150,180,150,131,108,151,170,209,213,140,175,80,142,62,171,152,200,179,193,48,7,5,"203901,1610612752"
1629091,Elijah Bryant,Elijah,1610612749,MIL,26.0,4,3,1,0.75,5.3,1.3,2.5,0.5,0.0,1.0,0.0,0.0,0.0,0.0,0.0,1.5,1.5,0.8,0.0,0.0,0.0,0.0,0.0,0.0,2.5,-1.5,5.4,0,0,138,78,161,47,178,146,154,61,150,137,150,163,167,163,170,132,154,118,175,165,142,149,196,187,156,142,163,48,7,5,"1629091,1610612749"
202683,Enes Kanter,Enes,1610612757,POR,29.0,5,2,3,0.4,11.2,0.8,1.6,0.5,0.0,0.0,0.0,0.4,0.4,1.0,1.2,1.4,2.6,0.0,0.6,0.0,0.4,0.2,1.8,0.4,2.0,-6.8,5.7,0,0,92,103,75,128,143,167,173,61,150,180,150,141,153,1,46,142,118,184,109,165,86,122,93,162,163,196,160,48,7,5,"202683,1610612757"
203095,Evan Fournier,Evan,1610612738,BOS,28.0,5,1,4,0.2,33.3,5.4,12.6,0.429,2.6,6.0,0.433,2.0,2.4,0.833,1.0,2.6,3.6,1.4,1.0,1.2,0.0,0.8,4.0,1.6,15.4,-9.2,24.4,0,0,92,129,1,161,39,43,36,115,21,29,37,51,55,79,52,92,82,82,67,25,142,36,5,73,38,216,61,48,7,5,"203095,1610612738"
1630267,Facundo Campazzo,Facundo,1610612743,DEN,30.0,7,4,3,0.571,28.8,3.0,7.4,0.404,1.7,4.6,0.375,2.3,2.7,0.842,0.9,2.6,3.4,5.3,1.9,1.7,0.6,0.1,3.1,2.9,10.0,-3.6,27.0,0,0,9,46,75,91,63,83,78,132,49,51,66,46,49,77,69,93,87,18,35,3,59,137,24,39,77,170,48,48,7,5,"1630267,1610612743"
1626163,Frank Kaminsky,Frank,1610612756,PHX,28.0,4,3,1,0.75,7.7,0.5,2.3,0.222,0.0,0.8,0.0,0.3,0.3,1.0,0.0,1.5,1.5,2.3,0.8,0.3,0.8,0.0,2.0,1.3,1.3,2.0,8.7,0,0,138,78,161,47,163,174,162,183,150,151,150,157,162,1,170,132,154,56,95,136,38,149,84,98,185,62,145,48,7,5,"1626163,1610612756"
1628373,Frank Ntilikina,Frank,1610612752,NYK,22.0,3,0,3,0.0,1.2,0.0,0.3,0.0,0.0,0.3,0.0,0.0,0.0,0.0,0.0,0.0,0.0,0.0,0.0,0.0,0.0,0.0,0.0,0.0,0.0,0.3,0.0,0,0,167,195,75,195,231,196,220,196,150,170,150,163,167,163,170,209,213,184,175,165,142,149,196,187,204,107,223,48,7,5,"1628373,1610612752"
1627788,Furkan Korkmaz,Furkan,1610612755,PHI,23.0,7,5,2,0.714,10.4,2.1,4.7,0.455,0.9,2.6,0.333,0.6,0.9,0.667,0.3,1.1,1.4,0.1,0.4,0.6,0.1,0.0,0.6,0.7,5.7,0.9,9.4,0,0,9,8,103,54,146,116,116,99,90,92,86,127,126,123,146,153,160,182,135,72,134,149,170,139,117,89,140,48,7,5,"1627788,1610612755"
1629216,Gabe Vincent,Gabe,1610612748,MIA,24.0,3,0,3,0.0,4.7,0.7,1.0,0.667,0.3,0.7,0.5,0.0,0.0,0.0,0.0,0.3,0.3,0.7,0.3,0.0,0.0,0.0,0.0,0.3,1.7,-0.7,2.7,0,0,167,195,75,195,183,169,192,18,132,156,10,163,167,163,170,200,207,128,146,165,142,149,196,166,173,130,194,48,7,5,"1629216,1610612748"
1629726,Garrison Mathews,Garrison,1610612764,WAS,24.0,3,0,3,0.0,5.7,0.0,1.3,0.0,0.0,1.3,0.0,1.3,1.7,0.8,0.0,0.7,0.7,0.0,0.0,0.0,0.0,0.3,1.3,1.3,1.3,-1.7,2.1,0,0,167,195,75,195,175,196,181,196,150,131,150,83,83,85,170,185,193,184,175,165,142,97,124,94,181,148,203,48,7,5,"1629726,1610612764"
201588,George Hill,George,1610612755,PHI,35.0,7,5,2,0.714,17.8,2.0,3.7,0.538,0.9,1.6,0.545,1.3,1.4,0.9,0.6,0.9,1.4,1.7,0.9,0.6,0.3,0.3,1.9,1.9,6.1,1.7,12.1,0,0,9,8,103,54,110,118,134,51,90,121,8,85,91,55,102,175,160,69,81,72,102,105,91,66,112,69,121,48,7,5,"201588,1610612755"
1627777,Georges Niang,Georges,1610612762,UTA,27.0,6,5,1,0.833,13.8,1.7,5.0,0.333,1.5,3.8,0.391,0.7,0.7,1.0,0.3,2.0,2.3,0.5,0.5,0.0,0.2,0.5,1.7,0.5,5.5,3.2,9.1,0,0,59,8,161,34,131,130,110,164,58,70,54,118,136,1,140,114,127,140,120,165,128,62,102,152,119,52,142,48,7,5,"1627777,1610612762"
203507,Giannis Antetokounmpo,Giannis,1610612749,MIL,26.0,6,4,2,0.667,35.2,10.0,19.8,0.504,0.5,4.0,0.125,3.8,7.2,0.535,2.5,11.2,13.7,6.5,3.3,1.2,1.0,0.7,3.0,5.7,24.3,2.8,53.7,6,1,59,46,103,80,26,9,10,59,114,60,149,20,14,149,18,1,1,13,8,28,17,46,29,11,15,56,4,1,2,5,"203507,1610612749"
201609,Goran Dragic,Goran,1610612748,MIA,35.0,4,0,4,0.0,29.2,5.8,13.5,0.426,2.3,6.5,0.346,2.3,3.0,0.75,0.3,1.5,1.8,2.8,1.5,1.0,0.5,0.5,2.8,3.3,16.0,-8.5,25.2,0,0,138,195,1,195,60,39,30,118,34,23,83,48,44,102,150,132,147,43,45,33,63,62,44,32,36,210,58,48,7,5,"201609,1610612748"
1629684,Grant Williams,Grant,1610612738,BOS,22.0,5,1,4,0.2,11.4,1.2,2.4,0.5,0.4,0.8,0.5,0.6,0.6,1.0,0.6,1.4,2.0,0.8,0.2,0.2,0.8,0.0,1.4,1.0,3.4,1.0,9.8,0,0,92,129,1,161,141,147,159,61,127,149,10,123,140,1,97,142,134,116,161,145,34,149,118,106,146,78,134,48,7,5,"1629684,1610612738"
1628960,Grayson Allen,Grayson,1610612763,MEM,25.0,5,1,4,0.2,23.1,2.4,6.6,0.364,1.6,4.2,0.381,0.0,0.2,0.0,0.6,2.0,2.6,0.2,0.2,0.4,0.2,0.4,2.6,0.6,6.4,-11.0,11.4,0,0,92,129,1,161,90,103,88,156,52,57,62,163,163,163,97,114,118,176,161,105,117,88,54,147,103,223,127,48,7,5,"1628960,1610612763"
1628385,Harry Giles III,Harry,1610612757,POR,23.0,1,0,1,0.0,3.6,0.0,1.0,0.0,0.0,0.0,0.0,0.0,0.0,0.0,2.0,1.0,3.0,0.0,3.0,0.0,0.0,0.0,0.0,0.0,0.0,2.0,0.6,0,0,216,195,161,195,196,196,192,196,150,180,150,163,167,163,26,156,95,184,11,165,142,149,196,187,204,62,218,48,7,5,"1628385,1610612757"
1630193,Immanuel Quickley,Immanuel,1610612752,NYK,21.0,5,1,4,0.2,15.4,2.0,6.6,0.303,0.8,2.2,0.364,1.0,1.4,0.714,0.0,1.4,1.4,1.0,1.2,0.6,0.0,1.4,1.6,1.8,5.8,0.0,9.6,0,0,92,129,1,161,118,118,88,174,97,102,76,91,94,115,170,142,163,95,60,67,142,9,104,70,115,110,138,48,7,5,"1630193,1610612752"
1629067,Isaac Bonga,Isaac,1610612764,WAS,21.0,4,1,3,0.25,2.4,0.0,1.3,0.0,0.0,0.8,0.0,0.0,0.0,0.0,0.0,0.0,0.0,0.0,0.0,0.0,0.3,0.3,0.0,0.3,0.0,0.5,0.8,0,0,138,129,75,153,217,196,189,196,150,151,150,163,167,163,170,209,213,184,175,165,108,112,196,177,204,96,216,48,7,5,"1629067,1610612764"
1630198,Isaiah Joe,Isaiah,1610612755,PHI,21.0,3,3,0,1.0,2.9,0.0,0.7,0.0,0.0,0.7,0.0,0.0,0.0,0.0,0.0,0.0,0.0,0.3,0.0,0.0,0.0,0.0,0.7,0.0,0.0,-2.0,0.5,0,0,167,78,207,1,206,196,207,196,150,156,150,163,167,163,170,209,213,164,175,165,142,149,167,187,204,151,220,48,7,5,"1630198,1610612755"
202397,Ish Smith,Ish,1610612764,WAS,32.0,5,1,4,0.2,22.3,3.2,8.6,0.372,0.4,1.4,0.286,0.0,0.0,0.0,0.2,3.0,3.2,2.8,1.0,1.4,0.4,0.6,2.2,0.6,6.8,-1.6,19.2,0,0,92,129,1,161,93,82,69,154,127,129,111,163,167,163,157,73,92,42,67,14,86,54,70,147,98,146,81,48,7,5,"202397,1610612764"
1627826,Ivica Zubac,Ivica,1610612746,LAC,24.0,8,4,4,0.5,14.8,1.6,2.8,0.591,0.0,0.0,0.0,1.3,1.8,0.714,2.3,3.0,5.3,0.5,0.5,0.0,0.6,0.4,1.9,1.5,4.5,-4.9,12.9,0,0,1,46,1,100,124,132,149,33,150,180,150,88,77,115,21,73,54,140,120,165,52,96,90,81,136,186,114,48,7,5,"1627826,1610612746"
1629630,Ja Morant,Ja,1610612763,MEM,21.0,5,1,4,0.2,40.5,11.0,22.6,0.487,2.0,6.2,0.323,6.2,8.0,0.775,1.4,3.4,4.8,8.2,3.4,0.4,0.0,1.8,1.8,5.4,30.2,-10.0,46.1,2,0,92,129,1,161,2,5,4,79,39,26,95,11,6,98,40,65,60,8,7,105,142,4,93,14,8,220,12,19,7,5,"1629630,1610612763"
203210,JaMychal Green,JaMychal,1610612743,DEN,30.0,7,4,3,0.571,20.3,2.6,5.1,0.5,0.9,2.3,0.375,0.9,1.0,0.857,2.1,3.6,5.7,1.4,0.1,0.3,0.3,0.6,1.3,1.1,6.9,2.9,17.4,1,0,9,46,75,91,100,98,109,61,90,99,66,106,108,71,25,57,47,77,170,128,102,60,129,102,97,55,87,28,7,5,"203210,1610612743"
201580,JaVale McGee,JaVale,1610612743,DEN,33.0,2,1,1,0.5,3.6,0.0,1.5,0.0,0.0,0.5,0.0,0.0,0.0,0.0,0.0,2.0,2.0,0.0,0.0,0.5,1.0,1.0,1.0,0.0,0.0,1.5,6.9,0,0,189,129,161,100,194,196,174,196,150,160,150,163,167,163,170,114,134,184,175,80,17,17,143,187,204,71,154,48,7,5,"201580,1610612743"
203953,Jabari Parker,Jabari,1610612738,BOS,26.0,4,0,4,0.0,14.8,3.3,5.3,0.619,0.5,1.3,0.4,1.5,2.0,0.75,0.5,3.3,3.8,0.5,1.5,0.0,0.8,0.0,1.8,1.0,8.5,4.0,14.5,0,0,138,195,1,195,123,80,107,25,114,134,50,73,64,102,110,68,80,140,45,165,38,149,97,106,86,40,105,48,7,5,"203953,1610612738"
203109,Jae Crowder,Jae,1610612756,PHX,30.0,7,5,2,0.714,31.4,3.9,10.0,0.386,2.4,7.9,0.309,1.7,2.0,0.857,0.4,4.3,4.7,2.0,0.6,1.0,0.9,0.3,3.1,1.9,11.9,10.0,25.5,0,0,9,8,103,54,49,70,56,147,24,10,100,64,64,71,128,41,61,60,116,33,30,105,24,66,60,13,56,48,7,5,"203109,1610612756"
1628973,Jalen Brunson,Jalen,1610612742,DAL,24.0,7,3,4,0.429,16.3,2.9,6.3,0.455,0.9,1.9,0.462,1.4,1.9,0.769,0.9,1.7,2.6,1.4,0.6,0.0,0.0,0.3,0.9,1.9,8.0,-8.0,12.7,0,0,9,78,1,120,117,92,92,99,90,112,28,77,74,99,69,126,122,77,116,165,142,105,162,66,89,205,117,48,7,5,"1628973,1610612742"
1630188,Jalen Smith,Jalen,1610612756,PHX,21.0,2,2,0,1.0,3.3,0.5,0.5,1.0,0.5,0.5,1.0,0.0,0.0,0.0,0.0,1.0,1.0,0.5,0.5,0.0,0.0,0.0,0.0,0.0,1.5,0.5,3.0,0,0,189,103,207,1,200,174,210,1,114,160,1,163,167,163,170,156,168,140,120,165,142,149,196,187,176,96,192,48,7,5,"1630188,1610612756"
201935,James Harden,James,1610612751,BKN,31.0,6,5,1,0.833,30.5,6.7,12.0,0.556,3.2,6.7,0.475,6.7,7.3,0.909,0.8,5.3,6.2,8.8,2.3,1.7,0.8,1.0,2.2,5.3,23.2,12.3,49.0,3,1,59,8,161,34,52,24,39,43,8,20,25,10,11,50,74,28,39,6,23,5,33,17,76,16,18,6,8,12,2,5,"201935,1610612751"
201162,Jared Dudley,Jared,1610612747,LAL,35.0,2,0,2,0.0,2.5,0.0,0.0,0.0,0.0,0.0,0.0,0.0,0.0,0.0,0.0,0.0,0.0,0.0,0.0,0.0,0.0,0.0,0.0,0.0,0.0,-1.0,0.0,0,0,189,195,103,195,214,196,224,196,150,180,150,163,167,163,170,209,213,184,175,165,142,149,196,187,204,134,223,48,7,5,"201162,1610612747"
1628991,Jaren Jackson Jr.,Jaren,1610612763,MEM,21.0,5,1,4,0.2,27.5,4.6,10.8,0.426,1.6,5.6,0.286,2.8,3.2,0.875,1.8,3.8,5.6,1.0,0.8,1.0,1.2,1.2,4.2,2.4,13.6,-7.6,27.6,0,0,92,129,1,161,73,57,47,118,52,37,111,33,40,65,32,53,49,95,89,33,13,12,3,49,50,204,46,48,7,5,"1628991,1610612763"
1629714,Jarrell Brantley,Jarrell,1610612762,UTA,25.0,1,1,0,1.0,2.3,0.0,1.0,0.0,0.0,0.0,0.0,0.0,0.0,0.0,0.0,1.0,1.0,0.0,1.0,0.0,0.0,1.0,0.0,0.0,0.0,-4.0,0.2,0,0,216,129,207,1,220,196,192,196,150,180,150,163,167,163,170,156,168,184,67,165,142,17,196,187,204,173,222,48,7,5,"1629714,1610612762"
1628369,Jayson Tatum,Jayson,1610612738,BOS,23.0,5,1,4,0.2,36.9,9.4,22.2,0.423,2.8,7.2,0.389,9.0,9.8,0.918,0.6,5.2,5.8,4.6,2.6,1.2,1.6,1.8,3.0,6.0,30.6,-11.6,50.3,0,0,92,129,1,161,18,15,6,120,16,13,55,1,1,46,97,32,44,21,21,25,6,4,29,8,7,225,7,48,7,5,"1628369,1610612738"
201145,Jeff Green,Jeff,1610612751,BKN,34.0,2,2,0,1.0,19.3,2.0,4.5,0.444,0.5,2.0,0.25,0.0,0.0,0.0,0.5,1.5,2.0,1.5,0.0,0.5,0.5,0.5,0.5,0.0,4.5,11.0,12.2,0,0,189,103,207,1,104,118,122,103,114,106,123,163,167,163,110,132,134,73,175,80,63,62,171,187,136,8,120,48,7,5,"201145,1610612751"
201952,Jeff Teague,Jeff,1610612749,MIL,32.0,4,2,2,0.5,7.9,0.3,2.0,0.125,0.3,1.0,0.25,0.5,0.5,1.0,0.0,0.8,0.8,0.8,0.3,0.0,0.0,0.3,0.5,0.5,1.3,-6.5,3.0,0,0,138,103,103,100,162,192,165,195,137,137,123,131,145,1,170,180,190,118,154,165,142,112,171,152,185,194,191,48,7,5,"201952,1610612749"
1628975,Jevon Carter,Jevon,1610612756,PHX,25.0,3,3,0,1.0,3.6,0.0,1.0,0.0,0.0,0.3,0.0,0.0,0.7,0.0,0.0,0.7,0.7,0.3,0.0,0.0,0.0,0.0,0.0,0.3,0.0,-1.7,1.3,0,0,167,78,207,1,195,196,192,196,150,170,150,163,136,163,170,185,193,164,175,165,142,149,196,166,204,148,209,48,7,5,"1628975,1610612756"
202710,Jimmy Butler,Jimmy,1610612748,MIA,31.0,4,0,4,0.0,38.5,4.8,16.0,0.297,1.0,3.8,0.267,4.0,5.5,0.727,1.5,6.0,7.5,7.0,2.3,1.3,0.3,0.8,1.5,5.3,14.5,-21.5,36.3,2,1,138,195,1,195,10,53,24,177,82,73,121,18,19,112,36,18,22,12,26,23,108,39,108,17,45,232,24,19,2,5,"202710,1610612748"
203925,Joe Harris,Joe,1610612751,BKN,29.0,7,6,1,0.857,34.1,5.1,10.6,0.486,3.6,7.0,0.51,0.3,0.3,1.0,0.3,2.4,2.7,2.0,0.9,0.6,0.3,0.4,3.1,0.3,14.1,14.4,22.1,0,0,9,1,161,27,32,45,49,80,4,15,9,153,160,1,146,98,110,60,81,72,102,78,24,174,48,3,74,48,7,5,"203925,1610612751"
204060,Joe Ingles,Joe,1610612762,UTA,33.0,6,5,1,0.833,28.0,2.2,6.2,0.351,1.3,4.7,0.286,0.7,0.8,0.8,0.0,2.8,2.8,3.5,0.8,0.3,0.0,0.2,1.7,0.3,6.3,2.0,15.2,0,0,59,8,161,34,69,114,96,163,67,50,111,118,129,85,170,84,105,34,88,113,142,130,102,166,106,62,100,48,7,5,"204060,1610612762"
203954,Joel Embiid,Joel,1610612755,PHI,27.0,6,4,2,0.667,28.0,9.7,16.3,0.592,1.5,3.5,0.429,8.3,9.7,0.862,0.5,7.7,8.2,2.7,2.7,1.2,1.0,0.7,2.8,7.5,29.2,16.2,46.8,1,0,59,46,103,80,68,12,23,32,58,77,39,2,2,69,110,7,16,46,18,28,17,46,40,1,10,1,9,28,7,5,"203954,1610612755"
1628381,John Collins,John,1610612737,ATL,23.0,7,5,2,0.714,30.4,4.7,8.7,0.541,1.4,3.3,0.435,2.0,2.1,0.933,1.1,5.1,6.3,0.9,0.9,0.6,0.7,0.7,3.4,3.0,12.9,2.1,24.7,0,0,9,8,103,54,53,54,68,50,62,81,36,51,62,43,50,34,36,112,81,72,41,41,11,34,56,61,60,48,7,5,"1628381,1610612737"
1629723,John Konchar,John,1610612763,MEM,25.0,1,0,1,0.0,2.8,0.0,1.0,0.0,0.0,1.0,0.0,0.0,0.0,0.0,0.0,1.0,1.0,0.0,0.0,0.0,1.0,0.0,0.0,0.0,0.0,4.0,4.2,0,0,216,195,161,195,207,196,192,196,150,137,150,163,167,163,170,156,168,184,175,165,17,149,196,187,204,40,174,48,7,5,"1629723,1610612763"
202685,Jonas Valanciunas,Jonas,1610612763,MEM,29.0,5,1,4,0.2,33.1,6.6,11.6,0.569,0.4,1.6,0.25,1.4,1.6,0.875,4.0,5.8,9.8,2.6,2.0,0.6,0.6,0.6,3.6,3.4,15.0,-5.8,32.3,3,0,92,129,1,161,43,25,44,41,127,120,123,80,86,65,2,23,10,49,31,67,53,54,6,31,42,190,32,12,7,5,"202685,1610612763"
203903,Jordan Clarkson,Jordan,1610612762,UTA,29.0,6,5,1,0.833,25.8,6.2,15.7,0.394,2.7,9.3,0.286,3.5,3.5,1.0,0.5,2.5,3.0,1.3,2.3,0.7,0.5,1.3,1.0,2.0,18.5,-0.3,25.3,0,0,59,8,161,34,79,30,25,143,19,4,111,24,33,1,110,95,95,85,23,64,63,10,143,58,24,121,57,48,7,5,"203903,1610612762"
1629670,Jordan Nwora,Jordan,1610612749,MIL,22.0,2,2,0,1.0,6.7,1.0,5.0,0.2,0.5,1.5,0.333,0.0,0.0,0.0,0.5,0.5,1.0,0.0,0.0,0.0,0.5,1.0,0.5,0.0,2.5,2.0,5.2,0,0,189,103,207,1,168,152,110,187,114,123,86,163,167,163,110,191,168,184,175,165,63,17,171,187,156,62,165,48,7,5,"1629670,1610612749"
1630182,Josh Green,Josh,1610612742,DAL,20.0,1,0,1,0.0,4.2,0.0,0.0,0.0,0.0,0.0,0.0,0.0,0.0,0.0,0.0,0.0,0.0,0.0,0.0,0.0,0.0,0.0,0.0,0.0,0.0,-1.0,0.0,0,0,216,195,161,195,190,196,224,196,150,180,150,163,167,163,170,209,213,184,175,165,142,149,196,187,204,134,223,48,7,5,"1630182,1610612742"
1626196,Josh Richardson,Josh,1610612742,DAL,27.0,7,3,4,0.429,13.4,1.6,4.0,0.393,0.4,1.4,0.3,1.3,1.3,1.0,0.4,1.1,1.6,0.7,0.9,0.3,0.0,0.4,1.1,1.0,4.9,-8.3,7.8,0,0,9,78,1,120,135,135,129,144,125,127,103,85,98,1,128,153,153,124,81,128,142,78,141,106,131,208,147,48,7,5,"1626196,1610612742"
201950,Jrue Holiday,Jrue,1610612749,MIL,30.0,6,4,2,0.667,35.9,6.3,13.5,0.469,1.0,4.0,0.25,1.5,2.5,0.6,2.2,4.5,6.7,8.0,2.7,1.5,0.0,0.5,1.0,2.3,15.2,9.7,37.0,3,0,59,46,103,80,24,28,30,90,82,60,123,73,53,138,23,37,30,10,18,8,142,62,143,53,41,15,23,12,7,5,"201950,1610612749"
203944,Julius Randle,Julius,1610612752,NYK,26.0,5,1,4,0.2,36.1,5.6,18.8,0.298,2.2,6.6,0.333,4.6,5.4,0.852,2.2,9.4,11.6,4.0,4.6,0.6,0.0,1.2,3.6,4.4,18.0,-8.4,35.1,5,0,92,129,1,161,22,40,16,176,38,22,86,16,20,75,22,2,4,28,1,67,142,12,6,24,27,209,28,2,7,5,"203944,1610612752"
1628382,Justin Jackson,Justin,1610612749,MIL,26.0,2,1,1,0.5,2.9,1.5,1.5,1.0,0.0,0.0,0.0,0.0,0.0,0.0,0.5,0.0,0.5,0.5,0.0,0.5,0.0,0.0,0.0,0.0,3.0,2.5,5.9,0,0,189,129,161,100,205,137,174,1,150,180,150,163,167,163,110,209,199,140,175,80,142,149,196,187,150,59,159,48,7,5,"1628382,1610612749"
1626159,Justise Winslow,Justise,1610612763,MEM,25.0,1,0,1,0.0,2.8,0.0,0.0,0.0,0.0,0.0,0.0,0.0,0.0,0.0,0.0,1.0,1.0,1.0,0.0,0.0,0.0,0.0,0.0,0.0,0.0,4.0,2.7,0,0,216,195,161,195,207,196,224,196,150,180,150,163,167,163,170,156,168,95,175,165,142,149,196,187,204,40,196,48,7,5,"1626159,1610612763"
203994,Jusuf Nurkic,Jusuf,1610612757,POR,26.0,6,2,4,0.333,28.9,5.0,9.2,0.545,0.2,0.8,0.2,3.0,4.2,0.72,3.0,7.3,10.3,2.7,2.3,0.5,1.2,0.7,5.0,3.5,13.2,7.5,32.2,3,0,59,103,1,133,62,46,63,47,147,148,140,27,27,114,8,10,8,46,23,80,15,46,1,29,54,21,34,12,7,5,"203994,1610612757"
1629752,Juwan Morgan,Juwan,1610612762,UTA,24.0,1,1,0,1.0,2.3,0.0,0.0,0.0,0.0,0.0,0.0,0.0,0.0,0.0,1.0,1.0,2.0,0.0,0.0,0.0,0.0,0.0,0.0,0.0,0.0,-4.0,2.4,0,0,216,129,207,1,220,196,224,196,150,180,150,163,167,163,52,156,134,184,175,165,142,149,196,187,204,173,200,48,7,5,"1629752,1610612762"
1629644,KZ Okpala,KZ,1610612748,MIA,22.0,2,0,2,0.0,2.9,0.0,0.5,0.0,0.0,0.5,0.0,0.0,0.0,0.0,0.0,0.0,0.0,0.0,0.0,0.0,0.0,0.0,0.0,0.0,0.0,0.5,0.0,0,0,189,195,103,195,203,196,210,196,150,160,150,163,167,163,170,209,213,184,175,165,142,149,196,187,204,96,223,48,7,5,"1629644,1610612748"
202695,Kawhi Leonard,Kawhi,1610612746,LAC,29.0,8,4,4,0.5,40.1,11.4,19.1,0.595,2.3,5.5,0.409,6.0,6.6,0.906,2.0,5.8,7.8,4.4,2.1,2.1,0.9,0.6,2.8,6.6,31.0,0.9,53.7,3,0,1,46,1,100,6,3,12,30,34,40,45,14,16,54,26,24,20,23,30,2,29,53,44,4,6,88,3,12,7,5,"202695,1610612746"
1629833,Keljin Blevins,Keljin,1610612757,POR,25.0,2,1,1,0.5,1.9,0.5,1.0,0.5,0.0,0.5,0.0,0.0,0.0,0.0,0.0,0.0,0.0,0.0,0.0,0.0,0.0,0.0,0.5,0.0,1.0,-1.0,1.0,0,0,189,129,161,100,225,174,192,61,150,160,150,163,167,163,170,209,213,184,175,165,142,149,171,187,188,134,213,48,7,5,"1629833,1610612757"
202689,Kemba Walker,Kemba,1610612738,BOS,31.0,3,1,2,0.333,30.3,4.3,13.7,0.317,1.0,5.7,0.176,3.0,3.3,0.9,0.0,4.0,4.0,4.0,2.7,0.3,0.0,1.0,3.3,3.7,12.7,-18.0,21.8,0,0,167,129,103,133,55,62,29,171,82,36,146,27,36,55,170,48,68,28,18,113,142,17,17,28,57,231,75,48,7,5,"202689,1610612738"
1629134,Kendrick Nunn,Kendrick,1610612748,MIA,25.0,4,0,4,0.0,23.3,4.3,10.8,0.395,1.3,4.5,0.278,0.5,0.5,1.0,0.0,1.5,1.5,1.5,0.8,0.5,0.0,0.0,1.0,1.0,10.3,-10.3,15.1,0,0,138,195,1,195,86,65,48,142,73,52,120,131,145,1,170,132,154,73,95,80,142,149,143,106,74,222,101,48,7,5,"1629134,1610612748"
203484,Kentavious Caldwell-Pope,Kentavious,1610612747,LAL,28.0,5,2,3,0.4,29.1,2.2,5.8,0.379,0.8,3.8,0.211,1.0,1.0,1.0,0.4,2.4,2.8,1.0,0.4,1.0,0.0,0.0,3.0,1.0,6.2,-0.6,13.7,0,0,92,103,75,128,61,110,100,150,97,72,139,91,108,1,132,99,106,95,143,33,142,149,29,106,110,129,110,48,7,5,"203484,1610612747"
201142,Kevin Durant,Kevin,1610612751,BKN,32.0,7,6,1,0.857,37.0,11.0,20.0,0.55,2.7,5.4,0.5,7.3,8.0,0.911,0.6,6.7,7.3,3.4,2.9,1.3,2.0,1.0,2.7,6.3,32.0,12.3,52.9,2,0,9,1,161,27,17,5,9,45,17,41,10,4,6,49,102,14,24,35,13,17,3,17,48,7,3,7,5,19,7,5,"201142,1610612751"
1628989,Kevin Huerter,Kevin,1610612737,ATL,22.0,7,5,2,0.714,25.9,4.4,7.7,0.574,2.3,4.7,0.485,0.6,0.9,0.667,0.4,3.1,3.6,1.9,1.6,0.4,1.3,0.3,2.1,1.3,11.7,1.0,22.4,0,0,9,8,103,54,78,60,76,37,30,49,23,127,126,123,128,72,83,66,43,97,11,105,80,97,63,78,73,48,7,5,"1628989,1610612737"
1628995,Kevin Knox II,Kevin,1610612752,NYK,21.0,1,0,1,0.0,3.5,0.0,0.0,0.0,0.0,0.0,0.0,2.0,2.0,1.0,0.0,1.0,1.0,1.0,0.0,0.0,1.0,0.0,0.0,1.0,2.0,9.0,7.7,0,0,216,195,161,195,197,196,224,196,150,180,150,51,64,1,170,156,168,95,175,165,17,149,196,106,163,17,148,48,7,5,"1628995,1610612752"
203114,Khris Middleton,Khris,1610612749,MIL,29.0,6,4,2,0.667,34.9,7.0,17.0,0.412,2.3,6.7,0.35,3.0,3.5,0.857,1.5,6.0,7.5,3.7,3.3,0.5,0.0,0.5,2.5,4.0,19.3,5.8,32.0,2,0,59,46,103,80,29,22,19,126,27,20,80,27,33,71,36,18,22,33,8,80,142,62,58,25,22,29,35,19,7,5,"203114,1610612749"
1627739,Kris Dunn,Kris,1610612737,ATL,27.0,1,1,0,1.0,2.8,0.0,1.0,0.0,0.0,0.0,0.0,0.0,0.0,0.0,0.0,1.0,1.0,0.0,0.0,0.0,0.0,0.0,0.0,0.0,0.0,-7.0,1.2,0,0,216,129,207,1,207,196,192,196,150,180,150,163,167,163,170,156,168,184,175,165,142,149,196,187,204,199,210,48,7,5,"1627739,1610612737"
204001,Kristaps Porzingis,Kristaps,1610612742,DAL,25.0,7,3,4,0.429,33.3,4.9,10.3,0.472,1.1,3.9,0.296,2.3,2.7,0.842,1.0,4.4,5.4,1.3,0.4,1.3,0.7,0.4,2.7,2.3,13.1,-1.1,27.2,1,0,9,78,1,120,40,51,54,88,80,69,108,46,49,77,52,39,52,86,135,17,41,78,48,54,55,137,47,28,7,5,"204001,1610612742"
203937,Kyle Anderson,Kyle,1610612763,MEM,27.0,5,1,4,0.2,28.4,3.6,8.4,0.429,0.6,2.4,0.25,0.6,0.8,0.75,0.8,4.2,5.0,3.2,0.8,2.8,0.0,0.4,1.8,0.6,8.4,-3.8,26.8,1,0,92,129,1,161,67,74,72,115,109,95,123,123,131,102,76,44,55,37,89,1,142,88,93,147,88,172,50,28,7,5,"203937,1610612763"
1628398,Kyle Kuzma,Kyle,1610612747,LAL,25.0,6,2,4,0.333,21.6,2.3,8.0,0.292,0.7,3.8,0.174,1.0,1.5,0.667,0.7,3.2,3.8,1.2,1.0,0.3,0.2,0.7,1.3,0.8,6.3,-2.5,13.2,0,0,59,103,1,133,95,107,73,178,106,70,147,91,89,123,92,71,75,92,67,113,128,46,124,132,106,156,112,48,7,5,"1628398,1610612747"
202681,Kyrie Irving,Kyrie,1610612751,BKN,29.0,7,6,1,0.857,37.6,9.0,18.6,0.485,3.0,7.9,0.382,3.4,3.7,0.923,1.7,4.3,6.0,4.0,1.3,0.7,0.6,0.9,2.3,2.1,24.4,15.9,40.2,1,0,9,1,161,27,12,16,17,81,11,10,61,25,31,45,33,41,41,28,55,61,59,32,69,56,14,2,21,28,7,5,"202681,1610612751"
1629013,Landry Shamet,Landry,1610612751,BKN,24.0,7,6,1,0.857,17.3,1.7,3.9,0.444,1.0,2.6,0.389,0.0,0.0,0.0,0.3,1.4,1.7,0.7,0.4,0.6,0.1,0.6,1.9,0.9,4.4,1.1,9.3,0,0,9,1,161,27,114,126,131,103,82,92,55,163,167,163,146,141,150,124,135,72,134,60,91,128,138,75,141,48,7,5,"1629013,1610612751"
204038,Langston Galloway,Langston,1610612756,PHX,29.0,1,1,0,1.0,8.7,1.0,5.0,0.2,0.0,2.0,0.0,0.0,1.0,0.0,0.0,1.0,1.0,1.0,0.0,0.0,0.0,0.0,0.0,1.0,2.0,1.0,4.7,0,0,216,129,207,1,157,152,110,187,150,106,150,163,108,163,170,156,168,95,175,165,142,149,196,106,163,78,170,48,7,5,"204038,1610612756"
2544,LeBron James,LeBron,1610612747,LAL,36.0,6,2,4,0.333,37.3,9.0,19.0,0.474,3.0,8.0,0.375,2.3,3.8,0.609,1.2,6.0,7.2,8.0,4.2,1.5,0.3,1.0,1.2,4.5,23.3,1.7,45.3,2,0,59,103,1,133,14,16,13,85,11,9,66,45,29,136,48,18,27,10,4,8,94,17,139,23,17,70,14,19,7,5,"2544,1610612747"
101150,Lou Williams,Lou,1610612737,ATL,34.0,7,5,2,0.714,11.4,2.4,5.3,0.459,0.7,1.6,0.455,1.0,1.0,1.0,0.1,0.6,0.7,1.6,1.3,0.4,0.0,0.0,0.3,1.6,6.6,0.6,9.8,0,0,9,8,103,54,140,102,106,95,103,121,30,91,108,1,166,189,191,71,55,97,142,149,189,76,100,94,135,48,7,5,"101150,1610612737"
1629029,Luka Doncic,Luka,1610612742,DAL,22.0,7,3,4,0.429,40.1,13.7,28.0,0.49,4.4,10.9,0.408,3.9,7.3,0.529,0.6,7.3,7.9,10.3,4.6,1.3,0.4,0.7,2.4,6.4,35.7,1.0,61.1,4,1,9,78,1,120,5,1,1,77,2,2,47,19,12,150,102,11,18,2,2,17,79,41,62,5,1,78,1,8,2,5,"1629029,1610612742"
1628379,Luke Kennard,Luke,1610612746,LAC,24.0,4,3,1,0.75,14.5,3.0,5.0,0.6,1.8,3.8,0.467,0.0,0.0,0.0,0.3,0.8,1.0,0.5,0.3,0.3,0.0,0.0,0.5,0.0,7.8,5.5,10.2,0,0,138,78,161,47,126,83,110,28,48,73,27,163,167,163,150,180,168,140,154,136,142,149,171,187,91,30,130,48,7,5,"1628379,1610612746"
1628436,Luke Kornet,Luke,1610612738,BOS,25.0,2,0,2,0.0,2.7,0.5,0.5,1.0,0.0,0.0,0.0,0.5,1.0,0.5,0.0,1.5,1.5,0.0,0.0,0.0,0.0,0.0,0.0,0.5,1.5,0.5,3.3,0,0,189,195,103,195,210,174,210,1,150,180,150,131,108,151,170,132,154,184,175,165,142,149,196,152,176,96,186,48,7,5,"1628436,1610612738"
1629603,Mamadi Diakite,Mamadi,1610612749,MIL,24.0,4,3,1,0.75,4.4,0.0,1.0,0.0,0.0,0.0,0.0,0.5,0.5,1.0,0.3,0.8,1.0,0.0,0.0,0.5,0.3,0.3,1.0,0.5,0.5,0.5,4.0,0,0,138,78,161,47,187,196,192,196,150,180,150,131,145,1,150,180,168,184,175,80,108,112,143,152,200,96,176,48,7,5,"1629603,1610612749"
201188,Marc Gasol,Marc,1610612747,LAL,36.0,5,2,3,0.4,17.5,1.6,2.6,0.615,1.4,2.2,0.636,0.6,0.8,0.75,0.8,3.0,3.8,3.0,0.8,0.8,0.8,0.0,3.2,1.6,5.2,-6.2,18.3,0,0,92,103,75,128,113,133,152,27,65,102,4,123,131,102,76,73,78,38,89,50,34,149,23,73,123,192,83,48,7,5,"201188,1610612747"
202694,Marcus Morris Sr.,Marcus,1610612746,LAC,31.0,8,4,4,0.5,33.4,4.0,10.4,0.386,2.3,5.9,0.383,0.9,1.3,0.7,0.9,3.0,3.9,1.4,0.5,0.6,0.5,0.5,3.5,1.0,11.1,-2.8,20.7,0,0,1,46,1,100,38,68,52,148,34,32,60,105,99,121,67,73,72,84,120,66,63,62,10,106,66,162,78,48,7,5,"202694,1610612746"
203935,Marcus Smart,Marcus,1610612738,BOS,27.0,5,1,4,0.2,36.6,5.8,13.2,0.439,3.2,8.6,0.372,3.0,4.2,0.714,0.8,3.6,4.4,6.0,2.8,1.0,0.2,1.0,2.8,5.0,17.8,-9.2,32.9,0,0,92,129,1,161,19,37,34,108,7,5,73,27,26,115,76,55,63,14,15,33,117,17,43,21,28,216,30,48,7,5,"203935,1610612738"
202693,Markieff Morris,Markieff,1610612747,LAL,31.0,4,1,3,0.25,9.5,0.5,2.3,0.222,0.3,1.0,0.25,1.0,1.5,0.667,1.0,0.0,1.0,0.8,0.5,0.0,0.3,0.0,1.5,1.0,2.3,-5.3,4.8,0,0,138,129,75,153,150,174,162,183,137,137,123,91,89,123,52,209,168,118,120,165,108,149,108,106,162,187,169,48,7,5,"202693,1610612747"
1630210,Markus Howard,Markus,1610612743,DEN,22.0,7,4,3,0.571,14.3,1.9,4.4,0.419,1.4,3.1,0.455,0.0,0.0,0.0,0.1,0.9,1.0,0.4,0.0,0.0,0.1,0.1,1.4,0.3,5.1,1.1,7.4,0,0,9,46,75,91,128,123,124,123,62,83,30,163,167,163,166,175,168,160,175,165,134,137,114,174,127,75,151,48,7,5,"1630210,1610612743"
1629680,Matisse Thybulle,Matisse,1610612755,PHI,24.0,7,5,2,0.714,18.0,2.1,4.6,0.469,0.9,3.0,0.286,0.1,0.4,0.333,0.0,0.7,0.7,0.3,0.1,1.3,1.4,0.1,2.1,0.7,5.3,-1.9,14.6,0,0,9,8,103,54,108,116,120,91,90,84,111,162,151,159,170,184,191,170,170,17,9,137,80,139,121,150,104,48,7,5,"1629680,1610612755"
1629744,Matt Thomas,Matt,1610612762,UTA,26.0,1,1,0,1.0,2.3,0.0,2.0,0.0,0.0,0.0,0.0,0.0,0.0,0.0,0.0,0.0,0.0,0.0,0.0,0.0,0.0,1.0,0.0,0.0,0.0,-4.0,0.0,0,0,216,129,207,1,220,196,165,196,150,180,150,163,167,163,170,209,213,184,175,165,142,17,196,187,204,173,223,48,7,5,"1629744,1610612762"
1629622,Max Strus,Max,1610612748,MIA,25.0,2,0,2,0.0,2.9,0.0,0.5,0.0,0.0,0.0,0.0,0.0,0.0,0.0,0.0,0.0,0.0,0.0,0.0,0.0,0.0,0.0,0.0,0.0,0.0,0.5,0.0,0,0,189,195,103,195,203,196,210,196,150,180,150,163,167,163,170,209,213,184,175,165,142,149,196,187,204,96,223,48,7,5,"1629622,1610612748"
1628467,Maxi Kleber,Maxi,1610612742,DAL,29.0,7,3,4,0.429,26.8,1.7,4.3,0.4,1.1,2.9,0.4,0.7,1.0,0.714,0.7,2.9,3.6,1.4,0.1,0.4,0.0,0.4,2.7,1.6,5.3,-4.9,12.9,0,0,9,78,1,120,75,126,125,135,80,88,50,116,108,115,88,82,83,77,170,97,142,78,48,76,121,184,115,48,7,5,"1628467,1610612742"
1629008,Michael Porter Jr.,Michael,1610612743,DEN,22.0,7,4,3,0.571,34.1,7.0,13.3,0.527,2.9,7.0,0.408,1.4,1.6,0.909,1.1,5.6,6.7,1.6,1.7,0.9,0.3,1.0,3.1,1.1,18.3,0.4,30.4,1,0,9,46,75,91,34,22,33,53,14,15,46,77,87,50,50,27,29,71,37,46,102,17,24,102,26,105,39,28,7,5,"1629008,1610612743"
1628969,Mikal Bridges,Mikal,1610612756,PHX,24.0,7,5,2,0.714,33.5,4.1,9.6,0.433,2.4,6.0,0.405,0.6,0.6,1.0,0.9,3.4,4.3,2.0,0.4,1.6,0.9,0.3,1.4,0.7,11.3,3.6,26.3,0,0,9,8,103,54,37,67,59,114,24,29,48,127,142,1,69,63,65,60,135,7,30,105,114,139,65,48,52,48,7,5,"1628969,1610612756"
201144,Mike Conley,Mike,1610612762,UTA,33.0,5,4,1,0.8,29.9,5.6,12.0,0.467,3.4,6.2,0.548,2.8,2.8,1.0,0.4,3.4,3.8,8.6,1.6,0.2,0.6,0.4,2.6,2.8,17.4,10.2,35.7,2,0,92,46,161,43,57,40,39,92,5,26,7,33,48,1,132,65,78,7,41,145,53,88,54,44,29,12,25,19,7,5,"201144,1610612762"
1628455,Mike James,Mike,1610612751,BKN,30.0,5,5,0,1.0,12.7,2.2,6.2,0.355,0.8,2.2,0.364,0.0,0.0,0.0,0.4,1.8,2.2,1.4,0.0,0.2,0.0,0.6,0.8,0.0,5.2,7.4,10.5,0,0,92,8,207,1,138,110,94,158,97,102,76,163,167,163,132,124,130,82,175,145,142,54,163,187,123,22,129,48,7,5,"1628455,1610612751"
203118,Mike Scott,Mike,1610612755,PHI,32.0,5,4,1,0.8,6.9,0.4,1.8,0.222,0.4,1.4,0.286,0.0,0.0,0.0,0.2,0.4,0.6,0.6,0.0,0.2,0.2,0.4,0.6,0.2,1.2,1.8,4.0,0,0,92,46,161,43,167,184,169,183,127,129,111,163,167,163,157,198,197,135,175,145,117,88,169,180,187,67,175,48,7,5,"203118,1610612755"
1629671,Miye Oni,Miye,1610612762,UTA,23.0,4,3,1,0.75,5.3,0.0,0.5,0.0,0.0,0.5,0.0,0.0,0.0,0.0,0.5,0.0,0.5,0.0,0.0,0.3,0.0,0.0,1.5,0.3,0.0,-1.5,1.4,0,0,138,78,161,47,179,196,210,196,150,160,150,163,167,163,110,209,199,184,175,136,142,149,108,177,204,142,207,48,7,5,"1629671,1610612762"
1628420,Monte Morris,Monte,1610612743,DEN,25.0,7,4,3,0.571,28.5,4.7,11.7,0.402,1.4,4.0,0.357,2.6,3.3,0.783,0.6,2.1,2.7,5.9,0.9,1.4,0.1,0.9,1.3,3.0,13.4,1.1,29.3,0,0,9,46,75,91,65,54,42,134,62,60,78,39,37,95,102,111,110,15,81,12,134,32,129,34,52,75,41,48,7,5,"1628420,1610612743"
1626149,Montrezl Harrell,Montrezl,1610612747,LAL,27.0,4,0,4,0.0,9.8,2.0,3.5,0.571,0.0,0.0,0.0,1.8,2.3,0.778,1.3,1.3,2.5,0.0,0.5,0.5,0.0,0.5,0.8,1.5,5.8,-3.3,9.8,0,0,138,195,1,195,148,118,137,38,150,180,150,59,59,96,43,150,123,184,120,80,142,62,165,81,116,165,137,48,7,5,"1626149,1610612747"
1629642,Nassir Little,Nassir,1610612757,POR,21.0,3,1,2,0.333,3.0,0.3,1.3,0.25,0.3,1.3,0.25,0.7,1.3,0.5,0.0,0.3,0.3,0.0,0.3,0.0,0.3,0.0,0.0,0.7,1.7,-0.3,2.7,0,0,167,129,103,133,202,185,181,180,132,131,123,118,96,151,170,200,207,184,146,165,94,149,196,142,173,121,194,48,7,5,"1629642,1610612757"
1630233,Nathan Knight,Nathan,1610612737,ATL,23.0,2,1,1,0.5,2.4,0.5,1.5,0.333,0.0,0.5,0.0,0.0,1.0,0.0,0.0,1.0,1.0,0.0,0.0,0.0,0.0,0.5,0.5,0.5,1.0,-4.5,2.2,0,0,189,129,161,100,218,174,174,164,150,160,150,163,108,163,170,156,168,184,175,165,142,62,171,152,188,179,202,48,7,5,"1630233,1610612737"
202357,Nemanja Bjelica,Nemanja,1610612748,MIA,33.0,2,0,2,0.0,15.1,2.5,5.5,0.455,2.0,4.0,0.5,2.0,3.0,0.667,0.5,2.0,2.5,1.0,0.0,1.0,0.5,0.5,2.5,1.5,9.0,-10.0,18.0,0,0,189,195,103,195,120,100,103,99,39,60,10,51,44,123,110,114,123,95,175,33,63,62,58,81,81,220,85,48,7,5,"202357,1610612748"
203457,Nerlens Noel,Nerlens,1610612752,NYK,27.0,5,1,4,0.2,18.4,1.0,2.0,0.5,0.0,0.0,0.0,2.6,3.2,0.813,2.0,2.0,4.0,0.2,0.8,0.8,0.6,0.4,3.0,2.4,4.6,-6.8,13.1,0,0,92,129,1,161,106,152,165,61,150,180,150,38,40,83,26,114,68,176,89,50,53,88,29,49,134,196,113,48,7,5,"203457,1610612752"
201587,Nicolas Batum,Nicolas,1610612746,LAC,32.0,8,4,4,0.5,30.7,3.0,6.3,0.48,1.3,3.9,0.323,1.6,1.9,0.867,1.3,4.3,5.5,2.1,0.5,1.4,0.4,0.1,1.4,1.5,8.9,7.6,23.4,0,0,1,46,1,100,51,83,93,82,73,68,95,71,73,68,43,43,51,59,120,16,92,147,123,81,84,20,68,48,7,5,"201587,1610612746"
1629651,Nicolas Claxton,Nicolas,1610612751,BKN,22.0,7,6,1,0.857,13.4,1.6,3.6,0.44,0.0,0.0,0.0,0.3,0.4,0.667,1.6,2.0,3.6,0.6,0.3,0.4,1.3,0.4,1.6,1.0,3.4,3.0,13.4,0,0,9,1,161,27,134,135,136,105,150,180,150,153,151,123,35,114,83,138,153,97,11,78,106,106,145,54,111,48,7,5,"1629651,1610612751"
1629740,Nicolo Melli,Nicolo,1610612742,DAL,30.0,3,2,1,0.667,6.4,0.0,1.3,0.0,0.0,0.7,0.0,0.0,0.0,0.0,0.7,1.3,2.0,0.0,0.0,0.3,0.0,0.3,1.0,0.3,0.0,-5.7,3.4,0,0,167,103,161,80,171,196,181,196,150,156,150,163,167,163,92,147,134,184,175,113,142,97,143,166,204,189,185,48,7,5,"1629740,1610612742"
203999,Nikola Jokic,Nikola,1610612743,DEN,26.0,7,4,3,0.571,35.4,12.1,23.6,0.515,2.4,5.7,0.425,4.7,5.1,0.917,3.0,7.3,10.3,4.3,2.9,0.7,1.0,0.4,2.6,5.7,31.4,-3.3,52.5,3,0,9,46,75,91,25,2,3,56,24,35,41,15,22,47,8,11,9,25,13,61,17,78,57,10,5,166,6,12,7,5,"203999,1610612743"
1626181,Norman Powell,Norman,1610612757,POR,28.0,6,2,4,0.333,36.0,6.3,12.7,0.5,1.7,4.3,0.385,2.7,3.0,0.889,0.5,1.7,2.2,2.0,1.2,0.8,1.0,1.0,2.8,2.8,17.0,1.3,26.9,0,0,59,103,1,133,23,28,35,61,51,53,58,37,44,63,110,127,133,60,62,49,17,17,40,42,32,74,49,48,7,5,"1626181,1610612757"
1630167,Obi Toppin,Obi,1610612752,NYK,23.0,5,1,4,0.2,13.1,2.4,4.6,0.522,0.6,1.8,0.333,1.0,1.2,0.833,0.8,1.8,2.6,0.4,0.6,0.0,0.2,0.2,1.2,0.8,6.4,0.8,10.1,0,0,92,129,1,161,136,103,119,54,109,115,86,91,103,79,76,124,118,162,109,165,117,122,135,135,103,90,131,48,7,5,"1630167,1610612752"
1630168,Onyeka Okongwu,Onyeka,1610612737,ATL,20.0,7,5,2,0.714,7.0,0.3,0.7,0.4,0.0,0.0,0.0,0.4,0.6,0.75,1.0,1.3,2.3,0.1,0.4,0.3,0.7,0.1,2.0,0.6,1.0,-0.1,6.5,0,0,9,8,103,54,166,191,206,135,150,180,150,140,142,102,52,148,128,182,135,128,41,137,84,150,188,118,156,48,7,5,"1630168,1610612737"
200782,P.J. Tucker,P.J.,1610612749,MIL,36.0,6,4,2,0.667,22.1,1.3,3.2,0.421,0.5,2.0,0.25,0.3,0.3,1.0,1.8,2.0,3.8,0.7,0.7,0.5,0.0,0.0,3.0,0.8,3.5,3.2,9.9,0,0,59,46,103,80,94,143,141,122,114,106,123,146,157,1,31,114,75,128,105,80,142,149,29,132,144,52,133,48,7,5,"200782,1610612749"
1626192,Pat Connaughton,Pat,1610612749,MIL,28.0,6,4,2,0.667,17.1,1.8,4.2,0.44,1.3,3.5,0.381,0.2,0.2,1.0,1.0,2.8,3.8,0.7,0.5,0.2,0.2,0.0,0.5,0.2,5.2,-0.5,11.3,0,0,59,46,103,80,115,124,127,105,67,77,62,160,165,1,52,84,75,128,120,157,128,149,171,184,125,124,128,48,7,5,"1626192,1610612749"
201976,Patrick Beverley,Patrick,1610612746,LAC,32.0,6,2,4,0.333,9.6,1.2,3.0,0.389,0.5,1.7,0.3,0.2,0.2,1.0,0.0,0.8,0.8,0.7,0.2,0.2,0.5,0.2,1.0,0.2,3.0,-3.0,6.8,0,0,59,103,1,133,149,150,142,145,114,117,103,160,165,1,170,177,188,128,167,157,63,130,143,184,150,163,155,48,7,5,"201976,1610612746"
202331,Paul George,Paul,1610612746,LAC,31.0,8,4,4,0.5,40.2,7.4,17.0,0.434,2.3,7.1,0.316,6.1,6.9,0.891,0.9,8.3,9.1,5.3,3.0,0.8,0.8,0.5,3.4,5.6,23.1,3.9,43.5,5,0,1,46,1,100,4,21,19,113,34,14,98,13,15,62,67,6,14,19,11,57,38,62,16,12,19,45,17,2,7,5,"202331,1610612746"
200794,Paul Millsap,Paul,1610612743,DEN,36.0,7,4,3,0.571,13.0,2.6,5.6,0.462,0.4,2.3,0.188,1.1,1.6,0.727,0.9,2.9,3.7,1.7,0.7,0.3,0.4,0.3,1.3,2.0,6.7,1.0,15.2,0,0,9,46,75,91,137,98,102,94,125,99,144,89,87,112,69,82,81,69,101,128,79,105,129,58,99,78,99,48,7,5,"200794,1610612743"
1630194,Paul Reed,Paul,1610612755,PHI,21.0,3,3,0,1.0,3.5,0.7,1.3,0.5,0.0,0.0,0.0,0.0,0.0,0.0,1.0,1.7,2.7,0.0,0.0,0.0,0.3,0.0,0.3,0.0,1.3,0.0,5.5,0,0,167,78,207,1,197,169,181,61,150,180,150,163,167,163,52,127,113,184,175,165,94,149,185,187,181,110,161,48,7,5,"1630194,1610612755"
1630202,Payton Pritchard,Payton,1610612738,BOS,23.0,5,1,4,0.2,13.5,1.2,3.4,0.353,0.6,2.0,0.3,0.4,0.4,1.0,0.4,1.4,1.8,2.4,0.6,0.4,0.0,0.0,0.8,0.2,3.4,-2.6,9.8,0,0,92,129,1,161,133,147,139,160,109,106,103,141,153,1,132,142,144,53,109,105,142,149,163,180,146,161,136,48,7,5,"1630202,1610612738"
1630173,Precious Achiuwa,Precious,1610612748,MIA,21.0,3,0,3,0.0,4.1,1.0,1.3,0.75,0.0,0.0,0.0,0.3,1.3,0.25,0.0,2.0,2.0,0.0,1.3,0.0,0.7,0.3,0.3,0.7,2.3,0.0,5.4,0,0,167,195,75,195,191,152,181,12,150,180,150,146,96,161,170,114,134,184,53,165,47,97,185,142,161,110,164,48,7,5,"1630173,1610612748"
1629628,RJ Barrett,RJ,1610612752,NYK,20.0,5,1,4,0.2,32.3,5.2,13.4,0.388,1.6,5.6,0.286,2.4,3.0,0.8,0.8,6.4,7.2,3.0,0.4,0.8,0.4,0.4,2.2,2.4,14.4,-7.4,30.7,1,0,92,129,1,161,48,44,32,146,52,37,111,42,44,85,76,15,25,38,143,50,86,88,70,49,46,202,38,28,7,5,"1629628,1610612752"
200765,Rajon Rondo,Rajon,1610612746,LAC,35.0,8,4,4,0.5,19.7,1.5,4.6,0.324,0.9,2.4,0.368,0.8,1.3,0.6,0.3,2.5,2.8,4.5,1.3,0.4,0.4,0.1,2.1,1.1,4.6,2.0,15.7,0,0,1,46,1,100,103,137,118,170,89,98,75,112,99,138,150,95,107,22,58,112,92,147,83,105,133,62,98,48,7,5,"200765,1610612746"
203526,Raul Neto,Raul,1610612764,WAS,29.0,5,1,4,0.2,22.5,2.4,6.8,0.353,0.8,3.0,0.267,0.8,1.0,0.8,0.6,1.6,2.2,1.0,0.2,0.4,0.0,0.2,2.2,2.0,6.4,-5.6,11.5,0,0,92,129,1,161,92,103,85,160,97,84,121,109,108,85,97,129,130,95,161,105,142,122,70,58,103,188,125,48,7,5,"203526,1610612764"
1629730,Rayjon Tucker,Rayjon,1610612755,PHI,23.0,1,1,0,1.0,1.7,0.0,0.0,0.0,0.0,0.0,0.0,1.0,2.0,0.5,0.0,0.0,0.0,0.0,0.0,0.0,0.0,0.0,1.0,1.0,1.0,-2.0,1.0,0,0,216,129,207,1,228,196,224,196,150,180,150,91,64,151,170,209,213,184,175,165,142,149,143,106,188,151,213,48,7,5,"1629730,1610612755"
203493,Reggie Bullock,Reggie,1610612752,NYK,30.0,5,1,4,0.2,32.5,3.0,7.8,0.385,2.0,5.8,0.345,0.8,1.0,0.8,1.0,2.4,3.4,1.2,0.8,0.6,0.2,0.4,2.2,0.8,8.8,-7.0,16.3,0,0,92,129,1,161,47,83,75,149,39,33,85,109,108,85,52,99,88,90,89,67,117,88,70,135,85,199,93,48,7,5,"203493,1610612752"
202704,Reggie Jackson,Reggie,1610612746,LAC,31.0,8,4,4,0.5,28.4,4.9,11.1,0.438,3.1,7.6,0.41,1.8,2.0,0.875,0.4,2.6,3.0,2.8,1.4,0.5,0.1,0.3,3.0,1.8,14.6,5.4,22.9,0,0,1,46,1,100,66,50,46,110,10,12,44,59,64,65,139,91,95,43,52,80,141,112,29,72,44,32,70,48,7,5,"202704,1610612746"
1629617,Reggie Perry,Reggie,1610612751,BKN,21.0,3,3,0,1.0,4.3,1.3,2.3,0.571,0.7,1.3,0.5,0.0,0.0,0.0,1.0,0.3,1.3,0.0,1.0,0.0,0.0,0.0,1.0,0.0,3.3,-0.3,3.9,0,0,167,78,207,1,188,143,160,38,106,131,10,163,167,163,52,200,165,184,67,165,142,149,143,187,148,121,177,48,7,5,"1629617,1610612751"
203496,Robert Covington,Robert,1610612757,POR,30.0,6,2,4,0.333,38.0,3.0,6.0,0.5,1.8,3.7,0.5,1.5,1.7,0.9,1.5,6.3,7.8,1.2,1.3,1.5,1.0,0.2,3.3,1.5,9.3,4.7,26.7,2,0,59,103,1,133,11,83,97,61,45,76,10,73,83,55,36,16,19,92,53,8,17,130,17,81,78,34,51,19,7,5,"203496,1610612757"
1629057,Robert Williams III,Robert,1610612738,BOS,23.0,3,1,2,0.333,15.2,3.0,4.7,0.643,0.0,0.0,0.0,0.3,0.7,0.5,2.7,2.3,5.0,0.7,0.3,0.3,3.0,1.0,2.3,1.0,6.3,4.7,23.0,0,0,167,129,103,133,119,83,117,24,150,180,150,146,136,151,15,102,55,128,146,113,1,17,68,106,106,34,69,48,7,5,"1629057,1610612738"
201577,Robin Lopez,Robin,1610612764,WAS,33.0,5,1,4,0.2,14.6,3.6,5.0,0.72,0.0,0.0,0.0,0.2,0.8,0.25,0.8,1.0,1.8,0.0,0.2,0.0,0.8,0.2,1.4,1.4,7.4,-6.4,11.8,0,0,92,129,1,161,125,74,110,16,150,180,150,158,131,161,76,156,144,184,161,165,34,122,118,93,93,193,122,48,7,5,"201577,1610612764"
1629641,Romeo Langford,Romeo,1610612738,BOS,21.0,4,1,3,0.25,27.2,3.3,8.0,0.406,1.5,4.3,0.353,1.0,1.0,1.0,1.3,1.3,2.5,1.3,0.3,0.8,0.5,0.8,0.5,1.0,9.0,-0.5,17.4,0,0,138,129,75,153,74,80,73,130,58,55,79,91,108,1,43,150,123,88,154,57,63,39,171,106,81,124,88,48,7,5,"1629641,1610612738"
1626178,Rondae Hollis-Jefferson,Rondae,1610612757,POR,26.0,5,1,4,0.2,7.1,0.8,1.0,0.8,0.0,0.0,0.0,0.4,0.6,0.667,0.6,1.0,1.6,0.0,0.0,0.2,0.2,0.0,1.0,0.8,2.0,-4.0,5.1,0,0,92,129,1,161,165,167,192,10,150,180,150,141,140,123,97,156,152,184,175,145,117,149,143,135,163,173,166,48,7,5,"1626178,1610612757"
1626220,Royce O'Neale,Royce,1610612762,UTA,28.0,6,5,1,0.833,34.7,3.7,7.3,0.5,2.5,5.2,0.484,0.7,0.7,1.0,1.7,6.0,7.7,2.0,0.3,1.5,0.3,0.3,3.3,1.5,10.5,5.0,27.9,0,0,59,8,161,34,30,73,79,61,22,44,24,118,136,1,34,18,21,60,146,8,94,97,17,81,71,33,44,48,7,5,"1626220,1610612762"
203497,Rudy Gobert,Rudy,1610612762,UTA,28.0,6,5,1,0.833,32.6,6.2,8.5,0.725,0.0,0.0,0.0,3.8,6.5,0.59,4.0,8.8,12.8,1.0,1.5,0.0,3.0,0.7,4.3,5.2,16.2,10.7,40.6,5,0,59,8,161,34,46,30,71,15,150,180,150,20,17,144,2,5,2,95,45,165,1,46,2,20,35,11,20,2,7,5,"203497,1610612762"
1629060,Rui Hachimura,Rui,1610612764,WAS,23.0,5,1,4,0.2,34.6,5.8,9.4,0.617,1.8,3.0,0.6,1.4,2.4,0.583,1.0,6.2,7.2,1.0,1.0,0.4,0.2,0.8,3.6,1.8,14.8,-11.4,25.7,1,0,92,129,1,161,31,37,62,26,47,84,6,80,55,145,52,17,25,95,67,105,117,36,6,70,43,224,54,28,7,5,"1629060,1610612764"
201566,Russell Westbrook,Russell,1610612764,WAS,32.0,5,1,4,0.2,37.2,5.6,16.8,0.333,1.0,4.0,0.25,6.8,8.6,0.791,2.8,7.6,10.4,11.8,4.2,0.4,0.2,1.2,3.4,5.2,19.0,-12.0,46.8,5,2,92,129,1,161,15,40,21,164,82,60,123,9,3,94,13,8,7,1,3,105,117,12,13,18,23,227,10,2,1,5,"201566,1610612764"
1630241,Sam Merrill,Sam,1610612749,MIL,25.0,4,3,1,0.75,4.5,0.3,1.3,0.2,0.3,1.0,0.25,0.0,0.0,0.0,0.0,0.3,0.3,0.3,0.3,0.5,0.0,0.0,0.3,0.5,0.8,-0.3,2.7,0,0,138,78,161,47,185,192,189,187,137,137,123,163,167,163,170,207,211,171,154,80,142,149,190,152,195,119,197,48,7,5,"1630241,1610612749"
1628400,Semi Ojeleye,Semi,1610612738,BOS,26.0,2,0,2,0.0,6.0,0.0,2.0,0.0,0.0,1.5,0.0,0.5,1.0,0.5,0.0,0.0,0.0,0.0,0.0,0.5,0.5,0.5,0.0,0.5,0.5,-2.5,3.5,0,0,189,195,103,195,172,196,165,196,150,123,150,131,108,151,170,209,213,184,175,80,63,62,196,152,200,156,183,48,7,5,"1628400,1610612738"
201586,Serge Ibaka,Serge,1610612746,LAC,31.0,2,0,2,0.0,9.2,1.5,3.0,0.5,0.0,1.0,0.0,2.0,2.0,1.0,0.5,1.5,2.0,1.0,0.5,0.5,1.5,0.0,0.5,1.0,5.0,8.5,14.4,0,0,189,195,103,195,153,137,142,61,150,137,150,51,64,1,110,132,134,95,120,80,8,149,171,106,128,19,106,48,7,5,"201586,1610612746"
203552,Seth Curry,Seth,1610612755,PHI,30.0,7,5,2,0.714,29.5,6.6,12.0,0.548,2.9,6.3,0.455,1.3,1.4,0.9,0.1,1.3,1.4,2.7,0.4,0.4,0.0,0.1,2.4,1.6,17.3,12.7,23.9,0,0,9,8,103,54,58,26,39,46,14,25,30,85,91,55,166,148,160,45,135,97,142,137,62,76,31,5,65,48,7,5,"203552,1610612755"
1629003,Shake Milton,Shake,1610612755,PHI,24.0,7,5,2,0.714,8.9,1.3,3.9,0.333,0.7,1.4,0.5,1.1,1.1,1.0,0.0,0.6,0.6,0.7,1.1,0.3,0.1,0.1,1.3,0.6,4.4,-1.1,6.3,0,0,9,8,103,54,156,145,131,164,103,127,10,89,105,1,170,189,198,124,65,128,134,137,129,150,138,137,157,48,7,5,"1629003,1610612755"
1627885,Shaquille Harrison,Shaquille,1610612743,DEN,27.0,6,4,2,0.667,5.2,0.5,0.7,0.75,0.2,0.2,1.0,0.3,0.5,0.667,0.0,0.8,0.8,0.0,0.7,0.3,0.3,0.0,0.2,0.3,1.5,-0.8,3.8,0,0,59,46,103,80,180,174,207,12,147,178,1,146,145,123,170,177,188,184,105,113,94,149,195,166,176,133,179,48,7,5,"1627885,1610612743"
1630219,Skylar Mays,Skylar,1610612737,ATL,23.0,2,1,1,0.5,2.4,0.0,0.5,0.0,0.0,0.0,0.0,0.0,0.0,0.0,0.0,0.0,0.0,0.0,0.5,0.0,0.0,0.0,0.0,0.0,0.0,-4.5,-0.5,0,0,189,129,161,100,218,196,210,196,150,180,150,163,167,163,170,209,213,184,120,165,142,149,196,187,204,179,232,48,7,5,"1630219,1610612737"
203524,Solomon Hill,Solomon,1610612737,ATL,30.0,5,4,1,0.8,10.3,0.6,2.6,0.231,0.6,2.4,0.25,0.0,0.0,0.0,0.2,1.6,1.8,0.2,0.0,0.2,0.2,0.0,1.2,0.4,1.8,-9.2,5.5,0,0,92,46,161,43,147,173,152,182,109,95,123,163,167,163,157,129,144,176,175,145,117,149,135,162,172,216,162,48,7,5,"203524,1610612737"
1628388,T.J. Leaf,T.J.,1610612757,POR,24.0,3,1,2,0.333,2.5,1.0,1.3,0.75,0.0,0.0,0.0,0.0,0.0,0.0,0.7,0.3,1.0,0.0,0.0,0.0,0.0,0.0,0.0,0.0,2.0,0.0,3.2,0,0,167,129,103,133,213,152,181,12,150,180,150,163,167,163,92,200,168,184,175,165,142,149,196,187,163,110,187,48,7,5,"1628388,1610612757"
1629605,Tacko Fall,Tacko,1610612738,BOS,25.0,1,0,1,0.0,0.9,0.0,0.0,0.0,0.0,0.0,0.0,0.0,0.0,0.0,0.0,1.0,1.0,0.0,0.0,0.0,0.0,0.0,0.0,0.0,0.0,1.0,1.2,0,0,216,195,161,195,232,196,224,196,150,180,150,163,167,163,170,156,168,184,175,165,142,149,196,187,204,78,210,48,7,5,"1629605,1610612738"
201959,Taj Gibson,Taj,1610612752,NYK,35.0,5,1,4,0.2,27.6,2.4,4.0,0.6,0.0,0.0,0.0,0.2,0.2,1.0,3.2,3.8,7.0,0.8,0.6,1.6,1.0,0.2,2.6,1.6,5.0,-1.4,21.8,0,0,92,129,1,161,72,103,129,28,150,180,150,158,163,1,7,53,28,116,109,6,17,122,54,73,128,141,75,48,7,5,"201959,1610612752"
1629659,Talen Horton-Tucker,Talen,1610612747,LAL,20.0,4,1,3,0.25,12.1,2.8,6.0,0.458,0.3,1.3,0.2,0.8,1.3,0.6,0.5,3.0,3.5,0.5,0.8,0.3,0.0,0.0,0.8,1.5,6.5,-3.5,11.5,1,0,138,129,75,153,139,94,97,96,137,134,140,112,99,138,110,73,86,140,95,136,142,149,165,81,101,169,126,28,7,5,"1629659,1610612747"
1629611,Terance Mann,Terance,1610612746,LAC,24.0,8,4,4,0.5,13.7,1.5,3.0,0.5,0.3,0.5,0.5,0.8,1.1,0.667,0.8,1.9,2.6,0.5,0.1,0.3,0.5,0.0,1.3,1.0,4.0,4.5,10.0,0,0,1,46,1,100,132,137,142,61,137,160,10,112,107,123,85,122,117,140,174,136,63,149,133,106,140,36,132,48,7,5,"1629611,1610612746"
203648,Thanasis Antetokounmpo,Thanasis,1610612749,MIL,28.0,2,0,2,0.0,6.6,0.0,0.5,0.0,0.0,0.0,0.0,1.5,2.0,0.75,0.5,0.5,1.0,1.0,0.5,0.0,0.0,0.0,1.5,1.5,1.5,1.0,3.7,0,0,189,195,103,195,169,196,210,196,150,180,150,73,64,102,110,191,168,95,120,165,142,149,108,81,176,78,181,48,7,5,"203648,1610612749"
203501,Tim Hardaway Jr.,Tim,1610612742,DAL,29.0,7,3,4,0.429,37.4,6.0,14.4,0.416,3.3,8.1,0.404,1.7,2.3,0.75,0.7,2.6,3.3,1.4,0.9,0.4,0.0,1.4,2.4,2.9,17.0,-0.3,23.5,0,0,9,78,1,120,13,32,27,125,6,8,49,64,57,102,88,93,90,77,81,97,142,7,62,39,32,120,67,48,7,5,"203501,1610612742"
1627789,Timothe Luwawu-Cabarrot,Timothe,1610612751,BKN,26.0,5,5,0,1.0,3.1,0.2,1.0,0.2,0.2,0.4,0.5,0.0,0.0,0.0,0.0,0.4,0.4,0.2,0.2,0.0,0.0,0.0,0.2,0.2,0.6,0.4,1.2,0,0,92,8,207,1,201,195,192,187,145,169,10,163,167,163,170,198,206,176,161,165,142,149,193,180,199,106,212,48,7,5,"1627789,1610612751"
202699,Tobias Harris,Tobias,1610612755,PHI,28.0,7,5,2,0.714,34.1,9.7,18.4,0.527,1.3,3.7,0.346,3.1,3.6,0.88,0.6,8.9,9.4,3.7,1.7,1.4,0.4,1.4,1.7,2.4,23.9,9.3,44.6,3,0,9,8,103,54,33,11,18,52,70,75,83,26,32,64,102,4,12,31,37,12,79,7,100,48,16,16,15,12,7,5,"202699,1610612755"
203503,Tony Snell,Tony,1610612737,ATL,29.0,4,2,2,0.5,8.0,0.3,1.8,0.143,0.3,1.0,0.25,0.0,0.0,0.0,0.0,1.0,1.0,0.3,0.3,0.3,0.3,0.0,0.3,0.0,0.8,-3.8,3.6,0,0,138,103,103,100,161,192,170,194,137,137,123,163,167,163,170,156,168,171,154,136,108,149,190,187,195,171,182,48,7,5,"203503,1610612737"
1628470,Torrey Craig,Torrey,1610612756,PHX,30.0,7,5,2,0.714,11.4,1.7,4.3,0.4,0.9,2.3,0.375,0.3,0.6,0.5,0.9,3.3,4.1,0.4,0.6,0.0,0.7,0.0,1.4,0.4,4.6,0.7,11.8,0,0,9,8,103,54,142,126,125,135,90,99,66,153,142,151,69,67,67,160,116,165,41,149,114,161,135,91,123,48,7,5,"1628470,1610612756"
1629027,Trae Young,Trae,1610612737,ATL,22.0,7,5,2,0.714,37.0,9.4,21.4,0.44,2.7,8.4,0.322,7.3,7.9,0.927,0.6,2.1,2.7,10.0,3.3,0.9,0.0,1.6,1.4,5.6,28.9,3.6,46.4,4,0,9,8,103,54,16,14,8,105,17,7,97,4,8,44,102,111,110,4,10,46,142,6,114,13,11,48,11,8,7,5,"1629027,1610612737"
1629682,Tremont Waters,Tremont,1610612738,BOS,23.0,3,0,3,0.0,2.0,0.3,1.3,0.25,0.0,0.7,0.0,0.7,1.0,0.667,0.0,0.0,0.0,0.7,0.7,0.3,0.0,0.0,0.0,0.7,1.3,0.3,2.7,0,0,167,195,75,195,224,185,181,180,150,156,150,118,108,123,170,209,213,128,105,113,142,149,196,142,181,107,198,48,7,5,"1629682,1610612738"
1630235,Trent Forrest,Trent,1610612762,UTA,22.0,1,1,0,1.0,4.3,0.0,1.0,0.0,0.0,0.0,0.0,0.0,0.0,0.0,0.0,0.0,0.0,0.0,0.0,0.0,0.0,0.0,0.0,0.0,0.0,-9.0,0.0,0,0,216,129,207,1,188,196,192,196,150,180,150,163,167,163,170,209,213,184,175,165,142,149,196,187,204,213,223,48,7,5,"1630235,1610612762"
2772,Trevor Ariza,Trevor,1610612748,MIA,35.0,4,0,4,0.0,24.0,1.8,5.8,0.304,1.3,4.3,0.294,0.0,0.0,0.0,0.5,5.3,5.8,0.5,0.8,0.8,0.3,0.3,2.8,1.0,4.8,-12.3,14.7,0,0,138,195,1,195,82,125,101,173,73,55,109,163,167,163,110,31,46,140,95,57,108,112,44,106,132,229,103,48,7,5,"2772,1610612748"
203504,Trey Burke,Trey,1610612742,DAL,28.0,2,0,2,0.0,8.3,0.0,3.5,0.0,0.0,1.5,0.0,0.5,1.0,0.5,0.5,0.0,0.5,0.5,0.0,0.0,0.0,0.0,0.5,1.0,0.5,-9.0,1.9,0,0,189,195,103,195,159,196,137,196,150,123,150,131,108,151,110,209,199,140,175,165,142,149,171,106,200,213,205,48,7,5,"203504,1610612742"
202684,Tristan Thompson,Tristan,1610612738,BOS,30.0,5,1,4,0.2,26.4,4.0,6.8,0.588,0.0,0.0,0.0,2.4,3.4,0.706,5.8,4.0,9.8,1.0,1.0,0.8,1.2,0.8,2.4,4.0,10.4,-17.4,28.7,2,0,92,129,1,161,77,68,85,34,150,180,150,42,35,120,1,48,10,95,67,50,13,36,66,25,72,230,42,19,7,5,"202684,1610612738"
1629639,Tyler Herro,Tyler,1610612748,MIA,21.0,4,0,4,0.0,23.2,3.0,9.5,0.316,1.5,4.8,0.316,1.8,1.8,1.0,0.3,3.0,3.3,1.8,0.8,0.3,0.3,0.3,0.5,2.0,9.3,-9.0,16.5,0,0,138,195,1,195,89,83,61,172,58,48,98,59,77,1,150,73,91,68,95,136,108,112,171,58,79,213,92,48,7,5,"1629639,1610612748"
204020,Tyler Johnson,Tyler,1610612751,BKN,29.0,6,5,1,0.833,9.3,0.8,2.3,0.357,0.5,1.7,0.3,0.3,0.3,1.0,0.2,0.5,0.7,0.5,0.2,0.2,0.0,0.2,1.0,0.3,2.5,-2.2,4.4,0,0,59,8,161,34,152,166,160,157,114,117,103,146,157,1,162,191,193,140,167,157,142,130,143,166,156,154,173,48,7,5,"204020,1610612751"
1630178,Tyrese Maxey,Tyrese,1610612755,PHI,20.0,7,5,2,0.714,14.1,3.0,6.9,0.438,0.3,1.1,0.25,1.0,1.7,0.583,0.0,1.9,1.9,1.4,0.4,0.3,0.7,0.4,1.6,1.4,7.3,0.6,14.2,0,0,9,8,103,54,130,83,82,111,136,136,123,91,80,145,170,123,142,77,135,128,41,78,106,92,94,94,108,48,7,5,"1630178,1610612755"
1626145,Tyus Jones,Tyus,1610612763,MEM,25.0,5,1,4,0.2,9.3,1.2,3.4,0.353,0.2,0.8,0.25,0.4,0.4,1.0,0.2,1.2,1.4,1.2,0.0,0.2,0.0,0.0,0.2,0.2,3.0,3.6,7.1,0,0,92,129,1,161,151,147,139,160,145,149,123,141,153,1,157,152,163,90,175,145,142,149,193,180,150,47,152,48,7,5,"1626145,1610612763"
1628427,Vlatko Cancar,Vlatko,1610612743,DEN,24.0,3,1,2,0.333,4.4,0.3,0.3,1.0,0.0,0.0,0.0,1.3,1.7,0.8,0.0,0.3,0.3,0.3,0.0,0.3,0.3,0.0,0.0,1.0,2.0,1.0,4.9,0,0,167,129,103,133,186,185,220,1,150,180,150,83,83,85,170,200,207,164,175,113,94,149,196,106,163,78,168,48,7,5,"1628427,1610612743"
202083,Wesley Matthews,Wesley,1610612747,LAL,34.0,6,2,4,0.333,18.4,1.7,5.5,0.303,1.2,4.2,0.28,1.0,1.0,1.0,0.8,0.8,1.7,0.3,0.0,0.3,0.0,0.2,2.2,1.5,5.5,-6.0,9.0,0,0,59,103,1,133,107,130,103,174,79,58,119,91,108,1,74,177,151,164,175,113,142,130,76,81,119,191,143,48,7,5,"202083,1610612747"
1626161,Willie Cauley-Stein,Willie,1610612742,DAL,27.0,6,3,3,0.5,10.5,1.0,1.5,0.667,0.0,0.0,0.0,0.5,0.5,1.0,0.5,2.2,2.7,0.5,0.5,0.3,0.7,0.2,1.3,0.8,2.5,-4.5,9.0,0,0,59,78,75,100,145,152,174,18,150,180,150,131,145,1,110,109,113,140,120,113,47,130,124,132,156,179,144,48,7,5,"1626161,1610612742"
1630214,Xavier Tillman,Xavier,1610612763,MEM,22.0,3,1,2,0.333,5.9,0.3,1.7,0.2,0.0,0.3,0.0,0.0,0.0,0.0,0.3,0.7,1.0,0.3,0.3,0.3,0.0,0.3,0.7,0.3,0.7,-4.7,3.0,0,0,167,129,103,133,173,185,171,187,150,170,150,163,167,163,140,185,168,164,146,113,142,97,167,166,197,183,190,48,7,5,"1630214,1610612763"
1627812,Yogi Ferrell,Yogi,1610612746,LAC,28.0,3,3,0,1.0,1.2,0.0,0.3,0.0,0.0,0.3,0.0,0.0,0.0,0.0,0.0,0.3,0.3,0.3,0.0,0.0,0.0,0.0,0.0,0.0,0.0,1.0,0.9,0,0,167,78,207,1,230,196,220,196,150,170,150,163,167,163,170,200,207,164,175,165,142,149,196,187,204,78,215,48,7,5,"1627812,1610612746"
1630192,Zeke Nnaji,Zeke,1610612743,DEN,20.0,3,1,2,0.333,3.4,0.3,1.7,0.2,0.3,1.7,0.2,0.0,0.0,0.0,0.3,0.3,0.7,0.7,0.0,0.3,0.0,0.0,0.3,0.0,1.0,0.7,3.8,0,0,167,129,103,133,199,185,171,187,132,117,140,163,167,163,140,200,193,128,175,113,142,149,185,187,188,92,180,48,7,5,"1630192,1610612743"
